2,
4,
5,
6,
8,
10,
21,
24,
25,
28,
29,
32,
33,
36,
39,
42,
43,
44,
45,
47,
48,
50,
51,
52,
53,
55,
57,
90,
94,
95,
96,
97,
99,
100,
103,
104,
107,
110,
111,
114,
116,
117,
118,
119,
120,
123,
124,
129,
130,
131,
132,
135,
137,
140,
141,
144,
145,
148,
152,
162,
166,
169,
170,
171,
174,
175,
176,
178,
179,
180,
189,
190,
193,
196,
197,
200,
204,
208,
212,
214,
215,
216,
217,
218,
219,
222,
223,
224,
225,
227,
229,
230,
232,
233,
234,
237,
263,
264,
265,
266,
268,
269,
270,
271,
275,
278,
282,
285,
286,
288,
294,
295,
296,
298,
299,
300,
302,
303,
310,
314,
318,
321,
322,
324,
325,
328,
329,
330,
331,
333,
334,
342,
346,
357,
360,
361,
362,
363,
365,
366,
368,
369,
400,
401,
403,
404,
408,
409,
411,
412,
415,
416,
430,
433,
434,
437,
438,
439,
440,
441,
442,
444,
445,
446,
447,
448,
449,
450,
453,
456,
459,
460,
462,
463,
466,
467,
469,
470,
472,
473,
474,
476,
477,
478,
479,
480,
481,
482,
483,
484,
485,
486,
489,
490,
492,
495,
496,
497,
499,
501,
502,
503,
505,
506,
507,
508,
509,
510,
511,
512,
513,
514,
2,
4,
5,
6,
8,
10,
21,
24,
25,
28,
29,
32,
33,
36,
39,
42,
43,
44,
45,
47,
48,
50,
51,
52,
53,
55,
57,
90,
94,
95,
96,
97,
99,
100,
103,
104,
107,
110,
111,
114,
116,
117,
118,
119,
120,
123,
124,
129,
130,
131,
132,
135,
137,
140,
141,
144,
145,
148,
152,
162,
166,
169,
170,
171,
174,
175,
176,
178,
179,
180,
189,
190,
193,
196,
197,
200,
204,
208,
212,
214,
215,
216,
217,
218,
219,
222,
223,
224,
225,
227,
229,
230,
232,
233,
234,
237,
263,
264,
265,
266,
268,
269,
270,
271,
275,
278,
282,
285,
286,
288,
294,
295,
296,
298,
299,
300,
302,
303,
310,
314,
318,
321,
322,
324,
325,
328,
329,
330,
331,
333,
334,
342,
346,
357,
360,
361,
362,
363,
365,
366,
368,
369,
400,
401,
403,
404,
408,
409,
411,
412,
415,
416,
430,
433,
434,
437,
438,
439,
440,
441,
442,
444,
445,
446,
447,
448,
449,
450,
453,
456,
459,
460,
462,
463,
466,
467,
469,
470,
472,
473,
474,
476,
477,
478,
479,
480,
481,
482,
483,
484,
485,
486,
489,
490,
492,
495,
496,
497,
499,
501,
502,
503,
505,
506,
507,
508,
509,
510,
511,
512,
513,
514,
2,
4,
5,
6,
8,
10,
21,
24,
25,
28,
29,
32,
33,
36,
39,
42,
43,
44,
45,
47,
48,
50,
51,
52,
53,
55,
57,
90,
94,
95,
96,
97,
99,
100,
103,
104,
107,
110,
111,
114,
116,
117,
118,
119,
120,
123,
124,
129,
130,
131,
132,
135,
137,
140,
141,
144,
145,
148,
152,
162,
166,
169,
170,
171,
174,
175,
176,
178,
179,
180,
189,
190,
193,
196,
197,
200,
204,
208,
212,
214,
215,
216,
217,
218,
219,
222,
223,
224,
225,
227,
229,
230,
232,
233,
234,
237,
263,
264,
265,
266,
268,
269,
270,
271,
275,
278,
282,
285,
286,
288,
294,
295,
296,
298,
299,
300,
302,
303,
310,
314,
318,
321,
322,
324,
325,
328,
329,
330,
331,
333,
334,
342,
346,
357,
360,
361,
362,
363,
365,
366,
368,
369,
400,
401,
403,
404,
408,
409,
411,
412,
415,
416,
430,
433,
434,
437,
438,
439,
440,
441,
442,
444,
445,
446,
447,
448,
449,
450,
453,
456,
459,
460,
462,
463,
466,
467,
469,
470,
472,
473,
474,
476,
477,
478,
479,
480,
481,
482,
483,
484,
485,
486,
489,
490,
492,
495,
496,
497,
499,
501,
502,
503,
505,
506,
507,
508,
509,
510,
511,
512,
513,
514,
2,
4,
5,
6,
8,
10,
21,
24,
25,
28,
29,
32,
33,
36,
39,
42,
43,
44,
45,
47,
48,
50,
51,
52,
53,
55,
57,
90,
94,
95,
96,
97,
99,
100,
103,
104,
107,
110,
111,
114,
116,
117,
118,
119,
120,
123,
124,
129,
130,
131,
132,
135,
137,
140,
141,
144,
145,
148,
152,
162,
166,
169,
170,
171,
174,
175,
176,
178,
179,
180,
189,
190,
193,
196,
197,
200,
204,
208,
212,
214,
215,
216,
217,
218,
219,
222,
223,
224,
225,
227,
229,
230,
232,
233,
234,
237,
263,
264,
265,
266,
268,
269,
270,
271,
275,
278,
282,
285,
286,
288,
294,
295,
296,
298,
299,
300,
302,
303,
310,
314,
318,
321,
322,
324,
325,
328,
329,
330,
331,
333,
334,
342,
346,
357,
360,
361,
362,
363,
365,
366,
368,
369,
400,
401,
403,
404,
408,
409,
411,
412,
415,
416,
430,
433,
434,
437,
438,
439,
440,
441,
442,
444,
445,
446,
447,
448,
449,
450,
453,
456,
459,
460,
462,
463,
466,
467,
469,
470,
472,
473,
474,
476,
477,
478,
479,
480,
481,
482,
483,
484,
485,
486,
489,
490,
492,
495,
496,
497,
499,
501,
502,
503,
505,
506,
507,
508,
509,
510,
511,
512,
513,
514,
2,
4,
5,
6,
8,
10,
21,
24,
25,
28,
29,
32,
33,
36,
39,
42,
43,
44,
45,
47,
48,
50,
51,
52,
53,
55,
57,
90,
94,
95,
96,
97,
99,
100,
103,
104,
107,
110,
111,
114,
116,
117,
118,
119,
120,
123,
124,
129,
130,
131,
132,
135,
137,
140,
141,
144,
145,
148,
152,
162,
166,
169,
170,
171,
174,
175,
176,
178,
179,
180,
189,
190,
193,
196,
197,
200,
204,
208,
212,
214,
215,
216,
217,
218,
219,
222,
223,
224,
225,
227,
229,
230,
232,
233,
234,
237,
263,
264,
265,
266,
268,
269,
270,
271,
275,
278,
282,
285,
286,
288,
294,
295,
296,
298,
299,
300,
302,
303,
310,
314,
318,
321,
322,
324,
325,
328,
329,
330,
331,
333,
334,
342,
346,
357,
360,
361,
362,
363,
365,
366,
368,
369,
400,
401,
403,
404,
408,
409,
411,
412,
415,
416,
430,
433,
434,
437,
438,
439,
440,
441,
442,
444,
445,
446,
447,
448,
449,
450,
453,
456,
459,
460,
462,
463,
466,
467,
469,
470,
472,
473,
474,
476,
477,
478,
479,
480,
481,
482,
483,
484,
485,
486,
489,
490,
492,
495,
496,
497,
499,
501,
502,
503,
505,
506,
507,
508,
509,
510,
511,
512,
513,
514,
2,
4,
5,
6,
8,
10,
21,
24,
25,
28,
29,
32,
33,
36,
39,
42,
43,
44,
45,
47,
48,
50,
51,
52,
53,
55,
57,
90,
94,
95,
96,
97,
99,
100,
103,
104,
107,
110,
111,
114,
116,
117,
118,
119,
120,
123,
124,
129,
130,
131,
132,
135,
137,
140,
141,
144,
145,
148,
152,
162,
166,
169,
170,
171,
174,
175,
176,
178,
179,
180,
189,
190,
193,
196,
197,
200,
204,
208,
212,
214,
215,
216,
217,
218,
219,
222,
223,
224,
225,
227,
229,
230,
232,
233,
234,
237,
263,
264,
265,
266,
268,
269,
270,
271,
275,
278,
282,
285,
286,
288,
294,
295,
296,
298,
299,
300,
302,
303,
310,
314,
318,
321,
322,
324,
325,
328,
329,
330,
331,
333,
334,
342,
346,
357,
360,
361,
362,
363,
365,
366,
368,
369,
400,
401,
403,
404,
408,
409,
411,
412,
415,
416,
430,
433,
434,
437,
438,
439,
440,
441,
442,
444,
445,
446,
447,
448,
449,
450,
453,
456,
459,
460,
462,
463,
466,
467,
469,
470,
472,
473,
474,
476,
477,
478,
479,
480,
481,
482,
483,
484,
485,
486,
489,
490,
492,
495,
496,
497,
499,
501,
502,
503,
505,
506,
507,
508,
509,
510,
511,
512,
513,
514,
2,
4,
5,
6,
8,
10,
21,
24,
25,
28,
29,
32,
33,
36,
39,
42,
43,
44,
45,
47,
48,
50,
51,
52,
53,
55,
57,
90,
94,
95,
96,
97,
99,
100,
103,
104,
107,
110,
111,
114,
116,
117,
118,
119,
120,
123,
124,
129,
130,
131,
132,
135,
137,
140,
141,
144,
145,
148,
152,
162,
166,
169,
170,
171,
174,
175,
176,
178,
179,
180,
189,
190,
193,
196,
197,
200,
204,
208,
212,
214,
215,
216,
217,
218,
219,
222,
223,
224,
225,
227,
229,
230,
232,
233,
234,
237,
263,
264,
265,
266,
268,
269,
270,
271,
275,
278,
282,
285,
286,
288,
294,
295,
296,
298,
299,
300,
302,
303,
310,
314,
318,
321,
322,
324,
325,
328,
329,
330,
331,
333,
334,
342,
346,
357,
360,
361,
362,
363,
365,
366,
368,
369,
400,
401,
403,
404,
408,
409,
411,
412,
415,
416,
430,
433,
434,
437,
438,
439,
440,
441,
442,
444,
445,
446,
447,
448,
449,
450,
453,
456,
459,
460,
462,
463,
466,
467,
469,
470,
472,
473,
474,
476,
477,
478,
479,
480,
481,
482,
483,
484,
485,
486,
489,
490,
492,
495,
496,
497,
499,
501,
502,
503,
505,
506,
507,
508,
509,
510,
511,
512,
513,
514,
2,
4,
5,
6,
8,
10,
21,
24,
25,
28,
29,
32,
33,
36,
39,
42,
43,
44,
45,
47,
48,
50,
51,
52,
53,
55,
57,
90,
94,
95,
96,
97,
99,
100,
103,
104,
107,
110,
111,
114,
116,
117,
118,
119,
120,
123,
124,
129,
130,
131,
132,
135,
137,
140,
141,
144,
145,
148,
152,
162,
166,
169,
170,
171,
174,
175,
176,
178,
179,
180,
189,
190,
193,
196,
197,
200,
204,
208,
212,
214,
215,
216,
217,
218,
219,
222,
223,
224,
225,
227,
229,
230,
232,
233,
234,
237,
263,
264,
265,
266,
268,
269,
270,
271,
275,
278,
282,
285,
286,
288,
294,
295,
296,
298,
299,
300,
302,
303,
310,
314,
318,
321,
322,
324,
325,
328,
329,
330,
331,
333,
334,
342,
346,
357,
360,
361,
362,
363,
365,
366,
368,
369,
400,
401,
403,
404,
408,
409,
411,
412,
415,
416,
430,
433,
434,
437,
438,
439,
440,
441,
442,
444,
445,
446,
447,
448,
449,
450,
453,
456,
459,
460,
462,
463,
466,
467,
469,
470,
472,
473,
474,
476,
477,
478,
479,
480,
481,
482,
483,
484,
485,
486,
489,
490,
492,
495,
496,
497,
499,
501,
502,
503,
505,
506,
507,
508,
509,
510,
511,
512,
513,
514,
2,
4,
5,
6,
8,
10,
21,
24,
25,
28,
29,
32,
33,
36,
39,
42,
43,
44,
45,
47,
48,
50,
51,
52,
53,
55,
57,
90,
94,
95,
96,
97,
99,
100,
103,
104,
107,
110,
111,
114,
116,
117,
118,
119,
120,
123,
124,
129,
130,
131,
132,
135,
137,
140,
141,
144,
145,
148,
152,
162,
166,
169,
170,
171,
174,
175,
176,
178,
179,
180,
189,
190,
193,
196,
197,
200,
204,
208,
212,
214,
215,
216,
217,
218,
219,
222,
223,
224,
225,
227,
229,
230,
232,
233,
234,
237,
263,
264,
265,
266,
268,
269,
270,
271,
275,
278,
282,
285,
286,
288,
294,
295,
296,
298,
299,
300,
302,
303,
310,
314,
318,
321,
322,
324,
325,
328,
329,
330,
331,
333,
334,
342,
346,
357,
360,
361,
362,
363,
365,
366,
368,
369,
400,
401,
403,
404,
408,
409,
411,
412,
415,
416,
430,
433,
434,
437,
438,
439,
440,
441,
442,
444,
445,
446,
447,
448,
449,
450,
453,
456,
459,
460,
462,
463,
466,
467,
469,
470,
472,
473,
474,
476,
477,
478,
479,
480,
481,
482,
483,
484,
485,
486,
489,
490,
492,
495,
496,
497,
499,
501,
502,
503,
505,
506,
507,
508,
509,
510,
511,
512,
513,
514,
2,
4,
5,
6,
8,
10,
21,
24,
25,
28,
29,
32,
33,
36,
39,
42,
43,
44,
45,
47,
48,
50,
51,
52,
53,
55,
57,
90,
94,
95,
96,
97,
99,
100,
103,
104,
107,
110,
111,
114,
116,
117,
118,
119,
120,
123,
124,
129,
130,
131,
132,
135,
137,
140,
141,
144,
145,
148,
152,
162,
166,
169,
170,
171,
174,
175,
176,
178,
179,
180,
189,
190,
193,
196,
197,
200,
204,
208,
212,
214,
215,
216,
217,
218,
219,
222,
223,
224,
225,
227,
229,
230,
232,
233,
234,
237,
263,
264,
265,
266,
268,
269,
270,
271,
275,
278,
282,
285,
286,
288,
294,
295,
296,
298,
299,
300,
302,
303,
310,
314,
318,
321,
322,
324,
325,
328,
329,
330,
331,
333,
334,
342,
346,
357,
360,
361,
362,
363,
365,
366,
368,
369,
400,
401,
403,
404,
408,
409,
411,
412,
415,
416,
430,
433,
434,
437,
438,
439,
440,
441,
442,
444,
445,
446,
447,
448,
449,
450,
453,
456,
459,
460,
462,
463,
466,
467,
469,
470,
472,
473,
474,
476,
477,
478,
479,
480,
481,
482,
483,
484,
485,
486,
489,
490,
492,
495,
496,
497,
499,
501,
502,
503,
505,
506,
507,
508,
509,
510,
511,
512,
513,
514,
2,
4,
5,
6,
8,
10,
21,
24,
25,
28,
29,
32,
33,
36,
39,
42,
43,
44,
45,
47,
48,
50,
51,
52,
53,
55,
57,
90,
94,
95,
96,
97,
99,
100,
103,
104,
107,
110,
111,
114,
116,
117,
118,
119,
120,
123,
124,
129,
130,
131,
132,
135,
137,
140,
141,
144,
145,
148,
152,
162,
166,
169,
170,
171,
174,
175,
176,
178,
179,
180,
189,
190,
193,
196,
197,
200,
204,
208,
212,
214,
215,
216,
217,
218,
219,
222,
223,
224,
225,
227,
229,
230,
232,
233,
234,
237,
263,
264,
265,
266,
268,
269,
270,
271,
275,
278,
282,
285,
286,
288,
294,
295,
296,
298,
299,
300,
302,
303,
310,
314,
318,
321,
322,
324,
325,
328,
329,
330,
331,
333,
334,
342,
346,
357,
360,
361,
362,
363,
365,
366,
368,
369,
400,
401,
403,
404,
408,
409,
411,
412,
415,
416,
430,
433,
434,
437,
438,
439,
440,
441,
442,
444,
445,
446,
447,
448,
449,
450,
453,
456,
459,
460,
462,
463,
466,
467,
469,
470,
472,
473,
474,
476,
477,
478,
479,
480,
481,
482,
483,
484,
485,
486,
489,
490,
492,
495,
496,
497,
499,
501,
502,
503,
505,
506,
507,
508,
509,
510,
511,
512,
513,
514,
2,
4,
5,
6,
8,
10,
21,
24,
25,
28,
29,
32,
33,
36,
39,
42,
43,
44,
45,
47,
48,
50,
51,
52,
53,
55,
57,
90,
94,
95,
96,
97,
99,
100,
103,
104,
107,
110,
111,
114,
116,
117,
118,
119,
120,
123,
124,
129,
130,
131,
132,
135,
137,
140,
141,
144,
145,
148,
152,
162,
166,
169,
170,
171,
174,
175,
176,
178,
179,
180,
189,
190,
193,
196,
197,
200,
204,
208,
212,
214,
215,
216,
217,
218,
219,
222,
223,
224,
225,
227,
229,
230,
232,
233,
234,
237,
263,
264,
265,
266,
268,
269,
270,
271,
275,
278,
282,
285,
286,
288,
294,
295,
296,
298,
299,
300,
302,
303,
310,
314,
318,
321,
322,
324,
325,
328,
329,
330,
331,
333,
334,
342,
346,
357,
360,
361,
362,
363,
365,
366,
368,
369,
400,
401,
403,
404,
408,
409,
411,
412,
415,
416,
430,
433,
434,
437,
438,
439,
440,
441,
442,
444,
445,
446,
447,
448,
449,
450,
453,
456,
459,
460,
462,
463,
466,
467,
469,
470,
472,
473,
474,
476,
477,
478,
479,
480,
481,
482,
483,
484,
485,
486,
489,
490,
492,
495,
496,
497,
499,
501,
502,
503,
505,
506,
507,
508,
509,
510,
511,
512,
513,
514,
2,
4,
5,
6,
8,
10,
21,
24,
25,
28,
29,
32,
33,
36,
39,
42,
43,
44,
45,
47,
48,
50,
51,
52,
53,
55,
57,
90,
94,
95,
96,
97,
99,
100,
103,
104,
107,
110,
111,
114,
116,
117,
118,
119,
120,
123,
124,
129,
130,
131,
132,
135,
137,
140,
141,
144,
145,
148,
152,
162,
166,
169,
170,
171,
174,
175,
176,
178,
179,
180,
189,
190,
193,
196,
197,
200,
204,
208,
212,
214,
215,
216,
217,
218,
219,
222,
223,
224,
225,
227,
229,
230,
232,
233,
234,
237,
263,
264,
265,
266,
268,
269,
270,
271,
275,
278,
282,
285,
286,
288,
294,
295,
296,
298,
299,
300,
302,
303,
310,
314,
318,
321,
322,
324,
325,
328,
329,
330,
331,
333,
334,
342,
346,
357,
360,
361,
362,
363,
365,
366,
368,
369,
400,
401,
403,
404,
408,
409,
411,
412,
415,
416,
430,
433,
434,
437,
438,
439,
440,
441,
442,
444,
445,
446,
447,
448,
449,
450,
453,
456,
459,
460,
462,
463,
466,
467,
469,
470,
472,
473,
474,
476,
477,
478,
479,
480,
481,
482,
483,
484,
485,
486,
489,
490,
492,
495,
496,
497,
499,
501,
502,
503,
505,
506,
507,
508,
509,
510,
511,
512,
513,
514,
2,
4,
5,
6,
8,
10,
21,
24,
25,
28,
29,
32,
33,
36,
39,
42,
43,
44,
45,
47,
48,
50,
51,
52,
53,
55,
57,
90,
94,
95,
96,
97,
99,
100,
103,
104,
107,
110,
111,
114,
116,
117,
118,
119,
120,
123,
124,
129,
130,
131,
132,
135,
137,
140,
141,
144,
145,
148,
152,
162,
166,
169,
170,
171,
174,
175,
176,
178,
179,
180,
189,
190,
193,
196,
197,
200,
204,
208,
212,
214,
215,
216,
217,
218,
219,
222,
223,
224,
225,
227,
229,
230,
232,
233,
234,
237,
263,
264,
265,
266,
268,
269,
270,
271,
275,
278,
282,
285,
286,
288,
294,
295,
296,
298,
299,
300,
302,
303,
310,
314,
318,
321,
322,
324,
325,
328,
329,
330,
331,
333,
334,
342,
346,
357,
360,
361,
362,
363,
365,
366,
368,
369,
400,
401,
403,
404,
408,
409,
411,
412,
415,
416,
430,
433,
434,
437,
438,
439,
440,
441,
442,
444,
445,
446,
447,
448,
449,
450,
453,
456,
459,
460,
462,
463,
466,
467,
469,
470,
472,
473,
474,
476,
477,
478,
479,
480,
481,
482,
483,
484,
485,
486,
489,
490,
492,
495,
496,
497,
499,
501,
502,
503,
505,
506,
507,
508,
509,
510,
511,
512,
513,
514,
2,
4,
5,
6,
8,
10,
21,
24,
25,
28,
29,
32,
33,
36,
39,
42,
43,
44,
45,
47,
48,
50,
51,
52,
53,
55,
57,
90,
94,
95,
96,
97,
99,
100,
103,
104,
107,
110,
111,
114,
116,
117,
118,
119,
120,
123,
124,
129,
130,
131,
132,
135,
137,
140,
141,
144,
145,
148,
152,
162,
166,
169,
170,
171,
174,
175,
176,
178,
179,
180,
189,
190,
193,
196,
197,
200,
204,
208,
212,
214,
215,
216,
217,
218,
219,
222,
223,
224,
225,
227,
229,
230,
232,
233,
234,
237,
263,
264,
265,
266,
268,
269,
270,
271,
275,
278,
282,
285,
286,
288,
294,
295,
296,
298,
299,
300,
302,
303,
310,
314,
318,
321,
322,
324,
325,
328,
329,
330,
331,
333,
334,
342,
346,
357,
360,
361,
362,
363,
365,
366,
368,
369,
400,
401,
403,
404,
408,
409,
411,
412,
415,
416,
430,
433,
434,
437,
438,
439,
440,
441,
442,
444,
445,
446,
447,
448,
449,
450,
453,
456,
459,
460,
462,
463,
466,
467,
469,
470,
472,
473,
474,
476,
477,
478,
479,
480,
481,
482,
483,
484,
485,
486,
489,
490,
492,
495,
496,
497,
499,
501,
502,
503,
505,
506,
507,
508,
509,
510,
511,
512,
513,
514,
2,
4,
5,
6,
8,
10,
21,
24,
25,
28,
29,
32,
33,
36,
39,
42,
43,
44,
45,
47,
48,
50,
51,
52,
53,
55,
57,
90,
94,
95,
96,
97,
99,
100,
103,
104,
107,
110,
111,
114,
116,
117,
118,
119,
120,
123,
124,
129,
130,
131,
132,
135,
137,
140,
141,
144,
145,
148,
152,
162,
166,
169,
170,
171,
174,
175,
176,
178,
179,
180,
189,
190,
193,
196,
197,
200,
204,
208,
212,
214,
215,
216,
217,
218,
219,
222,
223,
224,
225,
227,
229,
230,
232,
233,
234,
237,
263,
264,
265,
266,
268,
269,
270,
271,
275,
278,
282,
285,
286,
288,
294,
295,
296,
298,
299,
300,
302,
303,
310,
314,
318,
321,
322,
324,
325,
328,
329,
330,
331,
333,
334,
342,
346,
357,
360,
361,
362,
363,
365,
366,
368,
369,
400,
401,
403,
404,
408,
409,
411,
412,
415,
416,
430,
433,
434,
437,
438,
439,
440,
441,
442,
444,
445,
446,
447,
448,
449,
450,
453,
456,
459,
460,
462,
463,
466,
467,
469,
470,
472,
473,
474,
476,
477,
478,
479,
480,
481,
482,
483,
484,
485,
486,
489,
490,
492,
495,
496,
497,
499,
501,
502,
503,
505,
506,
507,
508,
509,
510,
511,
512,
513,
514,
2, 
4, 
5, 
6, 
8, 
10, 
21, 
24, 
25, 
28, 
29, 
32, 
33, 
36, 
39, 
42, 
43, 
44, 
45, 
47, 
48, 
50, 
51, 
52, 
53, 
55, 
57, 
90, 
94, 
95, 
96, 
97, 
99, 
100, 
103, 
104, 
107, 
110, 
111, 
114, 
116, 
117, 
118, 
119, 
120, 
123, 
124, 
129, 
130, 
131, 
132, 
135, 
137, 
140, 
141, 
144, 
145, 
148, 
152, 
162, 
166, 
169, 
170, 
171, 
174, 
175, 
176, 
178, 
179, 
180, 
189, 
190, 
193, 
196, 
197, 
200, 
204, 
208, 
212, 
214, 
215, 
216, 
217, 
218, 
219, 
222, 
223, 
224, 
225, 
227, 
229, 
230, 
232, 
233, 
234, 
237, 
263, 
264, 
265, 
266, 
268, 
269, 
270, 
271, 
275, 
278, 
282, 
285, 
286, 
288, 
294, 
295, 
296, 
298, 
299, 
300, 
302, 
303, 
310, 
314, 
318, 
321, 
322, 
324, 
325, 
328, 
329, 
330, 
331, 
333, 
334, 
342, 
346, 
357, 
360, 
361, 
362, 
363, 
365, 
366, 
368, 
369, 
400, 
401, 
403, 
404, 
408, 
409, 
411, 
412, 
415, 
416, 
430, 
433, 
434, 
437, 
438, 
439, 
440, 
441, 
442, 
444, 
445, 
446, 
447, 
448, 
449, 
450, 
453, 
456, 
459, 
460, 
462, 
463, 
466, 
467, 
469, 
470, 
472, 
473, 
474, 
476, 
477, 
478, 
479, 
480, 
481, 
482, 
483, 
484, 
485, 
486, 
489, 
490, 
492, 
495, 
496, 
497, 
499, 
501, 
502, 
503, 
505, 
506, 
507, 
508, 
509, 
510, 
511, 
512, 
513, 
514, 
