C	1	1	1
C	4	1	1
C	5	1	1
C	6	1	1
C	10	1	1
C	11	1	1
C	19	1	1
C	20	1	1
C	22	1	1
C	25	1	1
C	26	1	1
C	46	1	1
C	47	1	1
C	49	1	1
C	50	1	1
C	52	1	1
C	53	1	1
C	54	1	1
C	56	1	1
C	58	1	1
C	63	1	1
C	64	1	1
C	67	1	1
C	68	1	1
C	70	1	1
C	71	1	1
C	72	1	1
C	74	1	1
C	75	1	1
C	77	1	1
C	78	1	1
C	79	1	1
C	81	1	1
C	108	1	1
C	162	1	1
C	163	1	1
C	166	1	1
C	168	1	1
C	177	1	1
C	179	1	1
C	181	1	1
C	183	1	1
C	184	1	1
C	187	1	1
C	195	1	1
C	198	1	1
C	199	1	1
C	202	1	1
C	208	1	1
C	209	1	1
C	210	1	1
C	211	1	1
C	212	1	1
C	213	1	1
C	214	1	1
C	215	1	1
C	216	1	1
C	217	1	1
C	218	1	1
C	219	1	1
C	221	1	1
C	222	1	1
C	223	1	1
C	224	1	1
C	226	1	1
C	227	1	1
C	230	1	1
C	233	1	1
C	234	1	1
C	237	1	1
C	240	1	1
C	244	1	1
C	245	1	1
C	247	1	1
C	248	1	1
C	254	1	1
C	256	1	1
C	257	1	1
C	258	1	1
C	262	1	1
C	263	1	1
C	264	1	1
C	311	1	1
C	312	1	1
C	313	1	1
C	317	1	1
C	318	1	1
C	319	1	1
C	320	1	1
C	322	1	1
C	323	1	1
C	326	1	1
C	327	1	1
C	329	1	1
C	330	1	1
C	333	1	1
C	334	1	1
C	337	1	1
C	342	1	1
C	344	1	1
C	346	1	1
C	347	1	1
C	376	1	1
C	377	1	1
C	378	1	1
C	379	1	1
