C	2	0	1
C	3	0	1
C	7	0	1
C	8	0	1
C	9	0	1
C	12	0	1
C	13	0	1
C	14	0	1
C	15	0	1
C	16	0	1
C	17	0	1
C	18	0	1
C	21	0	1
C	23	0	1
C	24	0	0
C	27	0	1
C	28	0	1
C	29	0	1
C	30	0	1
C	31	0	1
C	32	0	1
C	33	0	1
C	34	0	1
C	35	0	1
C	36	0	1
C	37	0	1
C	38	0	1
C	39	0	1
C	40	0	0
C	41	0	1
C	42	0	1
C	43	0	1
C	44	0	1
C	45	0	1
C	48	0	1
C	51	0	1
C	55	0	1
C	57	0	1
C	59	0	1
C	60	0	1
C	61	0	1
C	62	0	0
C	65	0	1
C	66	0	1
C	69	0	0
C	73	0	1
C	76	0	0
C	80	0	1
C	82	0	1
C	83	0	1
C	84	0	1
C	85	0	0
C	86	0	0
C	87	0	1
C	88	0	1
C	89	0	1
C	90	0	1
C	91	0	0
C	92	0	1
C	93	0	0
C	94	0	1
C	95	0	1
C	96	0	1
C	97	0	1
C	98	0	1
C	99	0	1
C	100	0	1
C	101	0	0
C	102	0	1
C	103	0	1
C	104	0	1
C	105	0	0
C	106	0	1
C	107	0	1
C	109	0	1
C	110	0	1
C	111	0	1
C	112	0	1
C	113	0	1
C	114	0	1
C	115	0	1
C	116	0	1
C	117	0	1
C	118	0	1
C	119	0	1
C	120	0	1
C	121	0	1
C	122	0	1
C	123	0	1
C	124	0	1
C	125	0	1
C	126	0	1
C	127	0	1
C	128	0	1
C	129	0	1
C	130	0	1
C	131	0	1
C	132	0	0
C	133	0	1
C	134	0	1
C	135	0	0
C	136	0	1
C	137	0	0
C	138	0	1
C	139	0	0
C	140	0	1
C	141	0	1
C	142	0	1
C	143	0	0
C	144	0	1
C	145	0	1
C	146	0	1
C	147	0	1
C	148	0	1
C	149	0	1
C	150	0	1
C	151	0	1
C	152	0	1
C	153	0	1
C	154	0	1
C	155	0	1
C	156	0	1
C	157	0	0
C	158	0	1
C	159	0	1
C	160	0	1
C	161	0	0
C	164	0	1
C	165	0	1
C	167	0	1
C	169	0	1
C	170	0	0
C	171	0	1
C	172	0	1
C	173	0	1
C	174	0	0
C	175	0	0
C	178	0	1
C	182	0	1
C	185	0	1
C	186	0	1
C	188	0	1
C	189	0	0
C	190	0	1
C	191	0	1
C	192	0	1
C	193	0	1
C	194	0	1
C	196	0	1
C	197	0	1
C	200	0	1
C	201	0	1
C	203	0	1
C	204	0	1
C	205	0	1
C	206	0	0
C	220	0	1
C	225	0	1
C	228	0	1
C	229	0	1
C	231	0	1
C	232	0	1
C	235	0	1
C	236	0	1
C	238	0	1
C	239	0	0
C	241	0	1
C	242	0	1
C	243	0	0
C	246	0	1
C	249	0	1
C	250	0	1
C	251	0	1
C	252	0	1
C	253	0	1
C	255	0	1
C	259	0	1
C	260	0	1
C	261	0	1
C	265	0	1
C	266	0	1
C	267	0	1
C	268	0	1
C	269	0	1
C	270	0	1
C	271	0	1
C	272	0	1
C	273	0	0
C	274	0	1
C	275	0	0
C	276	0	1
C	277	0	1
C	278	0	1
C	279	0	0
C	280	0	0
C	281	0	1
C	282	0	1
C	283	0	1
C	284	0	1
C	285	0	1
C	286	0	1
C	287	0	1
C	288	0	1
C	289	0	1
C	290	0	0
C	291	0	1
C	292	0	1
C	293	0	1
C	294	0	1
C	295	0	1
C	296	0	1
C	297	0	0
C	298	0	1
C	299	0	1
C	300	0	0
C	301	0	1
C	302	0	1
C	303	0	1
C	304	0	1
C	305	0	1
C	306	0	1
C	307	0	1
C	308	0	1
C	309	0	1
C	310	0	1
C	314	0	0
C	315	0	0
C	316	0	1
C	321	0	0
C	324	0	1
C	325	0	0
C	328	0	0
C	331	0	1
C	332	0	1
C	335	0	0
C	336	0	1
C	338	0	0
C	339	0	0
C	340	0	1
C	341	0	1
C	343	0	1
C	345	0	1
C	348	0	1
C	349	0	1
C	350	0	1
C	351	0	1
C	352	0	1
C	353	0	1
C	354	0	1
C	355	0	1
C	356	0	1
C	357	0	1
C	358	0	1
C	359	0	1
C	360	0	1
C	361	0	0
C	362	0	0
C	363	0	1
C	364	0	1
C	365	0	1
C	366	0	1
C	367	0	1
C	368	0	1
C	369	0	1
C	370	0	0
C	371	0	1
C	372	0	1
C	374	0	1
C	375	0	1
