 YN:   0.0495  4.8762  0.0000 -0.0000 +- 0.0000  0.0588 +- 0.0297
 YN:   0.1379  4.8762  0.0000 -0.0000 +- 0.0000  0.1619 +- 0.0555
 YN:   0.1066  4.8762  0.0000 -0.0000 +- 0.0000  0.1267 +- 0.0475
 YN:   0.2215  4.8762  0.0000 -0.0000 +- 0.0000  0.2604 +- 0.0759
 YN:   0.1849  4.8762  0.0000 -0.0000 +- 0.0000  0.2197 +- 0.0669
 YN:   0.1654  4.8762  0.0000 -0.0000 +- 0.0000  0.1944 +- 0.0599
 YN:   0.2628  4.8762  0.0000 -0.0000 +- 0.0000  0.2970 +- 0.0849
 YN:   0.2229  4.8762  0.0000 -0.0000 +- 0.0000  0.2540 +- 0.0748
 YN:   0.1661  4.8762  0.0000 -0.0000 +- 0.0000  0.1876 +- 0.0583
 YN:   0.2010  4.8762  0.0000 -0.0000 +- 0.0000  0.2273 +- 0.0672
 YN:   0.1376  4.8762  0.0000 -0.0000 +- 0.0000  0.1601 +- 0.0548
 YN:   0.1064  4.8762  0.0000 -0.0000 +- 0.0000  0.1248 +- 0.0467
 YN:   0.0905  4.8762  0.0000 -0.0000 +- 0.0000  0.1050 +- 0.0411
 YN:   0.0905  4.8762  0.0000 -0.0000 +- 0.0000  0.1053 +- 0.0412
 YN:   0.0912  4.8762  0.0000 -0.0000 +- 0.0000  0.1022 +- 0.0404
 YN:   0.2132  4.8762  0.1584 0.0284 +- 0.0128  0.1790 +- 0.0584
 YN:   0.1813  4.8762  0.1982 0.0283 +- 0.0128  0.1426 +- 0.0502
 YN:   0.1954  4.8762  0.1803 0.0284 +- 0.0128  0.1575 +- 0.0526
 YN:   0.1954  4.8762  0.1792 0.0283 +- 0.0128  0.1582 +- 0.0528
 YN:   0.2290  4.8762  0.1515 0.0288 +- 0.0130  0.1901 +- 0.0599
 YN:   0.1243  4.8762  0.3852 0.0284 +- 0.0128  0.0738 +- 0.0340
 YN:   0.2259  4.8762  0.1872 0.0339 +- 0.0140  0.1813 +- 0.0592
 YN:   0.1938  4.8762  0.2343 0.0338 +- 0.0139  0.1444 +- 0.0509
 YN:   0.2079  4.8762  0.2131 0.0340 +- 0.0140  0.1595 +- 0.0533
 YN:   0.1925  4.8762  0.2391 0.0339 +- 0.0140  0.1419 +- 0.0495
 YN:   0.2418  4.8762  0.1790 0.0345 +- 0.0142  0.1927 +- 0.0608
 YN:   0.1367  4.8762  0.4557 0.0341 +- 0.0140  0.0747 +- 0.0344
 YN:   0.0120  4.8762 99.0000 0.0055 +- 0.0055 -0.0000 +- 0.0000
 YN:   0.2133  4.8762  0.1556 0.0282 +- 0.0127  0.1810 +- 0.0591
 YN:   0.1813  4.8762  0.1948 0.0281 +- 0.0126  0.1441 +- 0.0508
 YN:   0.1954  4.8762  0.1772 0.0282 +- 0.0127  0.1592 +- 0.0532
 YN:   0.1800  4.8762  0.1987 0.0281 +- 0.0127  0.1416 +- 0.0494
 YN:   0.2292  4.8762  0.1488 0.0286 +- 0.0129  0.1923 +- 0.0607
 YN:   0.1241  4.8762  0.3788 0.0283 +- 0.0127  0.0746 +- 0.0343
 YN:   0.0240  4.8762 99.0000 0.0111 +- 0.0079 -0.0000 +- 0.0000
 YN:   0.0119  4.8762 99.0000 0.0055 +- 0.0055 -0.0000 +- 0.0000
 YN:   0.2259  4.8762  0.1872 0.0339 +- 0.0140  0.1813 +- 0.0592
 YN:   0.1938  4.8762  0.2343 0.0338 +- 0.0139  0.1444 +- 0.0509
 YN:   0.2079  4.8762  0.2131 0.0340 +- 0.0140  0.1595 +- 0.0533
 YN:   0.1925  4.8762  0.2391 0.0339 +- 0.0140  0.1419 +- 0.0495
 YN:   0.2418  4.8762  0.1790 0.0345 +- 0.0142  0.1927 +- 0.0608
 YN:   0.1367  4.8762  0.4557 0.0341 +- 0.0140  0.0747 +- 0.0344
 YN:   0.0120  4.8762 99.0000 0.0055 +- 0.0055 -0.0000 +- 0.0000
 YN:  -0.0000  4.8762 99.0000 -0.0000 +- 0.0000 -0.0000 +- 0.0000
 YN:   0.0119  4.8762 99.0000 0.0055 +- 0.0055 -0.0000 +- 0.0000
 YN:   0.2259  4.8762  0.1872 0.0339 +- 0.0140  0.1813 +- 0.0592
 YN:   0.1938  4.8762  0.2343 0.0338 +- 0.0139  0.1444 +- 0.0509
 YN:   0.2079  4.8762  0.2131 0.0340 +- 0.0140  0.1595 +- 0.0533
 YN:   0.1925  4.8762  0.2391 0.0339 +- 0.0140  0.1419 +- 0.0495
 YN:   0.2418  4.8762  0.1790 0.0345 +- 0.0142  0.1927 +- 0.0608
 YN:   0.1367  4.8762  0.4557 0.0341 +- 0.0140  0.0747 +- 0.0344
 YN:   0.0120  4.8762 99.0000 0.0055 +- 0.0055 -0.0000 +- 0.0000
 YN:  -0.0000  4.8762 99.0000 -0.0000 +- 0.0000 -0.0000 +- 0.0000
 YN:   0.0119  4.8762 99.0000 0.0055 +- 0.0055 -0.0000 +- 0.0000
 YN:  -0.0000  4.8762 99.0000 -0.0000 +- 0.0000 -0.0000 +- 0.0000
 YN:   0.1533  4.8762  0.0000 -0.0000 +- 0.0000  0.1864 +- 0.0611
 YN:   0.1890  4.8762  0.0000 -0.0000 +- 0.0000  0.2321 +- 0.0721
 YN:   0.1557  4.8762  0.0000 -0.0000 +- 0.0000  0.1887 +- 0.0629
 YN:   0.2045  4.8762  0.0000 -0.0000 +- 0.0000  0.2487 +- 0.0744
 YN:   0.2447  4.8762  0.0000 -0.0000 +- 0.0000  0.2840 +- 0.0830
 YN:   0.1225  4.8762  0.0000 -0.0000 +- 0.0000  0.1475 +- 0.0529
 YN:   0.2143  4.8762  0.1495 0.0279 +- 0.0126  0.1870 +- 0.0613
 YN:   0.2270  4.8762  0.1765 0.0335 +- 0.0138  0.1896 +- 0.0623
 YN:   0.2145  4.8762  0.1468 0.0278 +- 0.0125  0.1891 +- 0.0621
 YN:   0.2270  4.8762  0.1765 0.0335 +- 0.0138  0.1896 +- 0.0623
 YN:   0.2270  4.8762  0.1765 0.0335 +- 0.0138  0.1896 +- 0.0623
 YN:   0.2225  4.8762  0.0237 0.0056 +- 0.0057  0.2384 +- 0.0656
 YN:   0.1894  4.8762  0.0277 0.0056 +- 0.0056  0.2029 +- 0.0590
 YN:   0.1901  4.8762  0.0280 0.0056 +- 0.0057  0.2020 +- 0.0591
 YN:   0.2048  4.8762  0.0258 0.0056 +- 0.0057  0.2187 +- 0.0614
 YN:   0.2388  4.8762  0.0229 0.0057 +- 0.0057  0.2496 +- 0.0670
 YN:   0.1289  4.8762  0.0432 0.0057 +- 0.0057  0.1312 +- 0.0449
 YN:   0.1905  4.8762  0.2612 0.0346 +- 0.0143  0.1326 +- 0.0455
 YN:   0.2031  4.8762  0.3005 0.0403 +- 0.0154  0.1342 +- 0.0460
 YN:   0.1904  4.8762  0.2569 0.0344 +- 0.0142  0.1340 +- 0.0459
 YN:   0.2031  4.8762  0.3005 0.0403 +- 0.0154  0.1342 +- 0.0460
 YN:   0.2031  4.8762  0.3005 0.0403 +- 0.0154  0.1342 +- 0.0460
 YN:   0.1920  4.8762  0.0268 0.0056 +- 0.0056  0.2089 +- 0.0617
 YN:   0.2526  4.8762  0.0198 0.0056 +- 0.0056  0.2811 +- 0.0805
 YN:   0.2145  4.8762  0.0233 0.0056 +- 0.0056  0.2387 +- 0.0709
 YN:   0.1811  4.8762  0.0283 0.0056 +- 0.0056  0.1972 +- 0.0624
 YN:   0.1642  4.8762  0.0313 0.0056 +- 0.0056  0.1780 +- 0.0581
 YN:   0.1949  4.8762  0.0275 0.0057 +- 0.0057  0.2060 +- 0.0623
 YN:   0.0883  4.8762  0.0633 0.0056 +- 0.0056  0.0884 +- 0.0370
 YN:   0.2079  4.8762  0.2185 0.0343 +- 0.0142  0.1570 +- 0.0524
 YN:   0.2205  4.8762  0.2510 0.0399 +- 0.0153  0.1590 +- 0.0531
 YN:   0.2078  4.8762  0.2146 0.0340 +- 0.0140  0.1587 +- 0.0530
 YN:   0.2205  4.8762  0.2510 0.0399 +- 0.0153  0.1590 +- 0.0531
 YN:   0.2205  4.8762  0.2510 0.0399 +- 0.0153  0.1590 +- 0.0531
 YN:   0.1674  4.8762  0.0293 0.0055 +- 0.0055  0.1877 +- 0.0625
 YN:   0.1704  4.8762  0.0687 0.0114 +- 0.0080  0.1652 +- 0.0517
 YN:   0.2186  4.8762  0.0000 -0.0000 +- 0.0000  0.2587 +- 0.0742
 YN:   0.1829  4.8762  0.0000 -0.0000 +- 0.0000  0.2194 +- 0.0659
 YN:   0.2220  4.8762  0.0000 -0.0000 +- 0.0000  0.2635 +- 0.0770
 YN:   0.1982  4.8762  0.0000 -0.0000 +- 0.0000  0.2348 +- 0.0679
 YN:   0.2763  4.8762  0.0000 -0.0000 +- 0.0000  0.3146 +- 0.0860
 YN:   0.1503  4.8762  0.0000 -0.0000 +- 0.0000  0.1754 +- 0.0564
 YN:   0.2262  4.8762  0.1456 0.0283 +- 0.0128  0.1946 +- 0.0599
 YN:   0.2389  4.8762  0.1722 0.0339 +- 0.0140  0.1971 +- 0.0608
 YN:   0.2263  4.8762  0.1431 0.0281 +- 0.0127  0.1967 +- 0.0606
 YN:   0.2389  4.8762  0.1722 0.0339 +- 0.0140  0.1971 +- 0.0608
 YN:   0.2389  4.8762  0.1722 0.0339 +- 0.0140  0.1971 +- 0.0608
 YN:   0.2480  4.8762  0.0000 -0.0000 +- 0.0000  0.3018 +- 0.0890
 YN:   0.1593  4.8762  0.0334 0.0056 +- 0.0056  0.1686 +- 0.0531
 YN:   0.2143  4.8762  0.0234 0.0056 +- 0.0056  0.2376 +- 0.0705
 YN:   0.2797  4.8762  0.0000 -0.0000 +- 0.0000  0.3315 +- 0.0915
 YN:   0.2007  4.8762  0.0000 -0.0000 +- 0.0000  0.2407 +- 0.0706
 YN:   0.2418  4.8762  0.0000 -0.0000 +- 0.0000  0.2867 +- 0.0824
 YN:   0.2163  4.8762  0.0000 -0.0000 +- 0.0000  0.2567 +- 0.0727
 YN:   0.2980  4.8762  0.0000 -0.0000 +- 0.0000  0.3392 +- 0.0920
 YN:   0.1670  4.8762  0.0000 -0.0000 +- 0.0000  0.1957 +- 0.0610
 YN:   0.2434  4.8762  0.1309 0.0283 +- 0.0128  0.2159 +- 0.0647
 YN:   0.2561  4.8762  0.1547 0.0339 +- 0.0139  0.2188 +- 0.0657
 YN:   0.2435  4.8762  0.1286 0.0281 +- 0.0126  0.2183 +- 0.0655
 YN:   0.2561  4.8762  0.1547 0.0339 +- 0.0139  0.2188 +- 0.0657
 YN:   0.2561  4.8762  0.1547 0.0339 +- 0.0139  0.2188 +- 0.0657
 YN:   0.2707  4.8762  0.0000 -0.0000 +- 0.0000  0.3321 +- 0.0973
 YN:   0.2084  4.8762  0.0251 0.0056 +- 0.0056  0.2242 +- 0.0644
 YN:   0.2333  4.8762  0.0213 0.0056 +- 0.0056  0.2606 +- 0.0759
 YN:   0.0629  4.8762  0.0000 -0.0000 +- 0.0000  0.0752 +- 0.0343
 YN:   0.1501  4.8762  0.0000 -0.0000 +- 0.0000  0.1737 +- 0.0558
 YN:   0.1189  4.8762  0.0000 -0.0000 +- 0.0000  0.1385 +- 0.0482
 YN:   0.1035  4.8762  0.0000 -0.0000 +- 0.0000  0.1192 +- 0.0433
 YN:   0.1180  4.8762  0.0000 -0.0000 +- 0.0000  0.1367 +- 0.0472
 YN:   0.1494  4.8762  0.0000 -0.0000 +- 0.0000  0.1669 +- 0.0535
 YN:   0.0495  4.8762  0.0000 -0.0000 +- 0.0000  0.0570 +- 0.0288
 YN:   0.1243  4.8762  0.3866 0.0285 +- 0.0129  0.0737 +- 0.0339
 YN:   0.1366  4.8762  0.4571 0.0341 +- 0.0140  0.0746 +- 0.0343
 YN:   0.1241  4.8762  0.3800 0.0283 +- 0.0127  0.0744 +- 0.0342
 YN:   0.1366  4.8762  0.4571 0.0341 +- 0.0140  0.0746 +- 0.0343
 YN:   0.1366  4.8762  0.4571 0.0341 +- 0.0140  0.0746 +- 0.0343
 YN:   0.1349  4.8762  0.0000 -0.0000 +- 0.0000  0.1618 +- 0.0541
 YN:   0.1288  4.8762  0.0435 0.0057 +- 0.0057  0.1306 +- 0.0447
 YN:   0.1299  4.8762  0.0412 0.0056 +- 0.0056  0.1361 +- 0.0469
 YN:   0.1800  4.8762  0.0000 -0.0000 +- 0.0000  0.2084 +- 0.0616
 YN:   0.1974  4.8762  0.0000 -0.0000 +- 0.0000  0.2299 +- 0.0663
 YN:   0.2132  4.8762  0.1584 0.0284 +- 0.0128  0.1790 +- 0.0584
 YN:   0.1813  4.8762  0.1982 0.0283 +- 0.0128  0.1426 +- 0.0502
 YN:   0.1954  4.8762  0.1803 0.0284 +- 0.0128  0.1575 +- 0.0526
 YN:   0.1954  4.8762  0.1792 0.0283 +- 0.0128  0.1582 +- 0.0528
 YN:   0.2290  4.8762  0.1515 0.0288 +- 0.0130  0.1901 +- 0.0599
 YN:   0.1243  4.8762  0.3852 0.0284 +- 0.0128  0.0738 +- 0.0340
 YN:  -0.0000  4.8762 99.0000 -0.0000 +- 0.0000 -0.0000 +- 0.0000
 YN:   0.0120  4.8762 99.0000 0.0055 +- 0.0055 -0.0000 +- 0.0000
 YN:   0.0240  4.8762 99.0000 0.0111 +- 0.0079 -0.0000 +- 0.0000
 YN:   0.0120  4.8762 99.0000 0.0055 +- 0.0055 -0.0000 +- 0.0000
 YN:   0.0120  4.8762 99.0000 0.0055 +- 0.0055 -0.0000 +- 0.0000
 YN:   0.2143  4.8762  0.1495 0.0279 +- 0.0126  0.1870 +- 0.0613
 YN:   0.1905  4.8762  0.2612 0.0346 +- 0.0143  0.1326 +- 0.0455
 YN:   0.2079  4.8762  0.2185 0.0343 +- 0.0142  0.1570 +- 0.0524
 YN:   0.2262  4.8762  0.1456 0.0283 +- 0.0128  0.1946 +- 0.0599
 YN:   0.2434  4.8762  0.1309 0.0283 +- 0.0128  0.2159 +- 0.0647
 YN:   0.1243  4.8762  0.3866 0.0285 +- 0.0129  0.0737 +- 0.0339
 YN:   0.2277  4.8762  0.1471 0.0285 +- 0.0129  0.1937 +- 0.0603
 YN:   0.1953  4.8762  0.1809 0.0284 +- 0.0128  0.1571 +- 0.0524
 YN:   0.2097  4.8762  0.1659 0.0285 +- 0.0129  0.1721 +- 0.0547
 YN:   0.2097  4.8762  0.1647 0.0285 +- 0.0129  0.1730 +- 0.0550
 YN:   0.2438  4.8762  0.1411 0.0289 +- 0.0131  0.2049 +- 0.0619
 YN:   0.1373  4.8762  0.3242 0.0286 +- 0.0129  0.0881 +- 0.0369
 YN:   0.0369  4.8762  0.0000 -0.0000 +- 0.0000  0.0430 +- 0.0251
 YN:   0.0489  4.8762  0.1279 0.0056 +- 0.0056  0.0435 +- 0.0254
 YN:   0.0609  4.8762  0.2572 0.0112 +- 0.0079  0.0434 +- 0.0254
 YN:   0.0489  4.8762  0.1279 0.0056 +- 0.0056  0.0435 +- 0.0254
 YN:   0.0489  4.8762  0.1279 0.0056 +- 0.0056  0.0435 +- 0.0254
 YN:   0.2121  4.8762  0.1544 0.0281 +- 0.0127  0.1819 +- 0.0587
 YN:   0.2196  4.8762  0.2120 0.0348 +- 0.0143  0.1640 +- 0.0513
 YN:   0.2222  4.8762  0.2004 0.0345 +- 0.0142  0.1719 +- 0.0546
 YN:   0.2411  4.8762  0.1361 0.0285 +- 0.0129  0.2093 +- 0.0619
 YN:   0.2585  4.8762  0.1231 0.0284 +- 0.0128  0.2309 +- 0.0666
 YN:   0.1373  4.8762  0.3247 0.0286 +- 0.0129  0.0880 +- 0.0369
 YN:   0.0369  4.8762  0.0000 -0.0000 +- 0.0000  0.0430 +- 0.0251
 YN:   0.2369  4.8762  0.0000 -0.0000 +- 0.0000  0.2746 +- 0.0773
 YN:   0.1996  4.8762  0.0000 -0.0000 +- 0.0000  0.2326 +- 0.0680
 YN:   0.1801  4.8762  0.0000 -0.0000 +- 0.0000  0.2076 +- 0.0614
 YN:   0.1974  4.8762  0.0000 -0.0000 +- 0.0000  0.2291 +- 0.0661
 YN:   0.1641  4.8762  0.0000 -0.0000 +- 0.0000  0.1837 +- 0.0564
 YN:   0.1189  4.8762  0.0000 -0.0000 +- 0.0000  0.1372 +- 0.0478
 YN:   0.1968  4.8762  0.1791 0.0284 +- 0.0128  0.1587 +- 0.0536
 YN:   0.2094  4.8762  0.2115 0.0340 +- 0.0140  0.1609 +- 0.0544
 YN:   0.1969  4.8762  0.1759 0.0282 +- 0.0127  0.1605 +- 0.0543
 YN:   0.2094  4.8762  0.2115 0.0340 +- 0.0140  0.1609 +- 0.0544
 YN:   0.2094  4.8762  0.2115 0.0340 +- 0.0140  0.1609 +- 0.0544
 YN:   0.2202  4.8762  0.0000 -0.0000 +- 0.0000  0.2652 +- 0.0766
 YN:   0.2051  4.8762  0.0263 0.0057 +- 0.0057  0.2159 +- 0.0608
 YN:   0.2092  4.8762  0.0245 0.0056 +- 0.0056  0.2281 +- 0.0658
 YN:   0.2705  4.8762  0.0000 -0.0000 +- 0.0000  0.3127 +- 0.0830
 YN:   0.2510  4.8762  0.0000 -0.0000 +- 0.0000  0.2926 +- 0.0788
 YN:   0.0897  4.8762  0.0000 -0.0000 +- 0.0000  0.1036 +- 0.0402
 YN:   0.1968  4.8762  0.1791 0.0284 +- 0.0128  0.1587 +- 0.0536
 YN:   0.2111  4.8762  0.1640 0.0285 +- 0.0129  0.1739 +- 0.0559
 YN:   0.2019  4.8762  0.0000 -0.0000 +- 0.0000  0.2338 +- 0.0693
 YN:   0.1669  4.8762  0.0000 -0.0000 +- 0.0000  0.1947 +- 0.0607
 YN:   0.1488  4.8762  0.0000 -0.0000 +- 0.0000  0.1716 +- 0.0546
 YN:   0.1331  4.8762  0.0000 -0.0000 +- 0.0000  0.1543 +- 0.0510
 YN:   0.1658  4.8762  0.0000 -0.0000 +- 0.0000  0.1853 +- 0.0576
 YN:   0.0904  4.8762  0.0000 -0.0000 +- 0.0000  0.1040 +- 0.0407
 YN:   0.1673  4.8762  0.2301 0.0285 +- 0.0129  0.1237 +- 0.0463
 YN:   0.1649  4.8762  0.3161 0.0341 +- 0.0140  0.1078 +- 0.0428
 YN:   0.1524  4.8762  0.2628 0.0283 +- 0.0127  0.1076 +- 0.0427
 YN:   0.1649  4.8762  0.3161 0.0341 +- 0.0140  0.1078 +- 0.0428
 YN:   0.1649  4.8762  0.3161 0.0341 +- 0.0140  0.1078 +- 0.0428
 YN:   0.1856  4.8762  0.0000 -0.0000 +- 0.0000  0.2225 +- 0.0680
 YN:   0.1737  4.8762  0.0314 0.0057 +- 0.0057  0.1808 +- 0.0545
 YN:   0.1769  4.8762  0.0294 0.0056 +- 0.0056  0.1903 +- 0.0586
 YN:   0.2341  4.8762  0.0000 -0.0000 +- 0.0000  0.2714 +- 0.0753
 YN:   0.2541  4.8762  0.0000 -0.0000 +- 0.0000  0.2961 +- 0.0810
 YN:   0.0627  4.8762  0.0000 -0.0000 +- 0.0000  0.0721 +- 0.0328
 YN:   0.1673  4.8762  0.2301 0.0285 +- 0.0129  0.1237 +- 0.0463
 YN:   0.1810  4.8762  0.2066 0.0286 +- 0.0129  0.1384 +- 0.0487
 YN:   0.0772  4.8762  0.0000 -0.0000 +- 0.0000  0.0890 +- 0.0377
 YN:   0.2277  4.8762  0.1471 0.0285 +- 0.0129  0.1937 +- 0.0603
 YN:   0.1953  4.8762  0.1809 0.0284 +- 0.0128  0.1571 +- 0.0524
 YN:   0.2097  4.8762  0.1659 0.0285 +- 0.0129  0.1721 +- 0.0547
 YN:   0.2097  4.8762  0.1647 0.0285 +- 0.0129  0.1730 +- 0.0550
 YN:   0.2438  4.8762  0.1411 0.0289 +- 0.0131  0.2049 +- 0.0619
 YN:   0.1373  4.8762  0.3242 0.0286 +- 0.0129  0.0881 +- 0.0369
 YN:   0.0369  4.8762  0.0000 -0.0000 +- 0.0000  0.0430 +- 0.0251
 YN:   0.0489  4.8762  0.1279 0.0056 +- 0.0056  0.0435 +- 0.0254
 YN:   0.0609  4.8762  0.2572 0.0112 +- 0.0079  0.0434 +- 0.0254
 YN:   0.0489  4.8762  0.1279 0.0056 +- 0.0056  0.0435 +- 0.0254
 YN:   0.0489  4.8762  0.1279 0.0056 +- 0.0056  0.0435 +- 0.0254
 YN:   0.2121  4.8762  0.1544 0.0281 +- 0.0127  0.1819 +- 0.0587
 YN:   0.2196  4.8762  0.2120 0.0348 +- 0.0143  0.1640 +- 0.0513
 YN:   0.2222  4.8762  0.2004 0.0345 +- 0.0142  0.1719 +- 0.0546
 YN:   0.2411  4.8762  0.1361 0.0285 +- 0.0129  0.2093 +- 0.0619
 YN:   0.2585  4.8762  0.1231 0.0284 +- 0.0128  0.2309 +- 0.0666
 YN:   0.1373  4.8762  0.3247 0.0286 +- 0.0129  0.0880 +- 0.0369
 YN:   0.0369  4.8762  0.0000 -0.0000 +- 0.0000  0.0430 +- 0.0251
 YN:  -0.0000  4.8762 99.0000 -0.0000 +- 0.0000 -0.0000 +- 0.0000
 YN:   0.2111  4.8762  0.1640 0.0285 +- 0.0129  0.1739 +- 0.0559
 YN:   0.1810  4.8762  0.2066 0.0286 +- 0.0129  0.1384 +- 0.0487
 YN:   0.2113  4.8762  0.1612 0.0284 +- 0.0128  0.1762 +- 0.0567
 YN:   0.1800  4.8762  0.2014 0.0283 +- 0.0128  0.1405 +- 0.0489
 YN:   0.1942  4.8762  0.1829 0.0284 +- 0.0128  0.1555 +- 0.0514
 YN:   0.1942  4.8762  0.1816 0.0284 +- 0.0128  0.1563 +- 0.0516
 YN:   0.2269  4.8762  0.1540 0.0288 +- 0.0130  0.1873 +- 0.0582
 YN:   0.1237  4.8762  0.3900 0.0285 +- 0.0129  0.0730 +- 0.0333
 YN:   0.0243  4.8762  0.0000 -0.0000 +- 0.0000  0.0285 +- 0.0203
 YN:   0.0362  4.8762  0.1922 0.0055 +- 0.0056  0.0288 +- 0.0205
 YN:   0.0483  4.8762  0.3864 0.0111 +- 0.0079  0.0288 +- 0.0205
 YN:   0.0362  4.8762  0.1922 0.0055 +- 0.0056  0.0288 +- 0.0205
 YN:   0.0362  4.8762  0.1922 0.0055 +- 0.0056  0.0288 +- 0.0205
 YN:   0.1961  4.8762  0.1703 0.0280 +- 0.0126  0.1643 +- 0.0550
 YN:   0.2047  4.8762  0.2338 0.0347 +- 0.0143  0.1483 +- 0.0484
 YN:   0.2067  4.8762  0.2213 0.0343 +- 0.0142  0.1552 +- 0.0512
 YN:   0.2247  4.8762  0.1478 0.0284 +- 0.0128  0.1920 +- 0.0585
 YN:   0.2415  4.8762  0.1330 0.0283 +- 0.0128  0.2129 +- 0.0630
 YN:   0.1237  4.8762  0.3909 0.0285 +- 0.0129  0.0729 +- 0.0332
 YN:   0.0243  4.8762  0.0000 -0.0000 +- 0.0000  0.0285 +- 0.0203
 YN:   0.0120  4.8762  0.0000 -0.0000 +- 0.0000  0.0140 +- 0.0140
 YN:   0.1953  4.8762  0.1815 0.0284 +- 0.0128  0.1567 +- 0.0523
 YN:   0.1660  4.8762  0.2336 0.0285 +- 0.0129  0.1220 +- 0.0451
 YN:   0.0120  4.8762  0.0000 -0.0000 +- 0.0000  0.0140 +- 0.0140
 YN:   0.2259  4.8762  0.1872 0.0339 +- 0.0140  0.1813 +- 0.0592
 YN:   0.1938  4.8762  0.2343 0.0338 +- 0.0139  0.1444 +- 0.0509
 YN:   0.2079  4.8762  0.2131 0.0340 +- 0.0140  0.1595 +- 0.0533
 YN:   0.1925  4.8762  0.2391 0.0339 +- 0.0140  0.1419 +- 0.0495
 YN:   0.2418  4.8762  0.1790 0.0345 +- 0.0142  0.1927 +- 0.0608
 YN:   0.1367  4.8762  0.4557 0.0341 +- 0.0140  0.0747 +- 0.0344
 YN:   0.0120  4.8762 99.0000 0.0055 +- 0.0055 -0.0000 +- 0.0000
 YN:  -0.0000  4.8762 99.0000 -0.0000 +- 0.0000 -0.0000 +- 0.0000
 YN:   0.0119  4.8762 99.0000 0.0055 +- 0.0055 -0.0000 +- 0.0000
 YN:  -0.0000  4.8762 99.0000 -0.0000 +- 0.0000 -0.0000 +- 0.0000
 YN:  -0.0000  4.8762 99.0000 -0.0000 +- 0.0000 -0.0000 +- 0.0000
 YN:   0.2270  4.8762  0.1765 0.0335 +- 0.0138  0.1896 +- 0.0623
 YN:   0.2031  4.8762  0.3005 0.0403 +- 0.0154  0.1342 +- 0.0460
 YN:   0.2205  4.8762  0.2510 0.0399 +- 0.0153  0.1590 +- 0.0531
 YN:   0.2389  4.8762  0.1722 0.0339 +- 0.0140  0.1971 +- 0.0608
 YN:   0.2561  4.8762  0.1547 0.0339 +- 0.0139  0.2188 +- 0.0657
 YN:   0.1366  4.8762  0.4571 0.0341 +- 0.0140  0.0746 +- 0.0343
 YN:   0.0120  4.8762 99.0000 0.0055 +- 0.0055 -0.0000 +- 0.0000
 YN:   0.0489  4.8762  0.1279 0.0056 +- 0.0056  0.0435 +- 0.0254
 YN:   0.2094  4.8762  0.2115 0.0340 +- 0.0140  0.1609 +- 0.0544
 YN:   0.1649  4.8762  0.3161 0.0341 +- 0.0140  0.1078 +- 0.0428
 YN:   0.0489  4.8762  0.1279 0.0056 +- 0.0056  0.0435 +- 0.0254
 YN:   0.0362  4.8762  0.1922 0.0055 +- 0.0056  0.0288 +- 0.0205
 YN:   0.2259  4.8762  0.1872 0.0339 +- 0.0140  0.1813 +- 0.0592
 YN:   0.1938  4.8762  0.2343 0.0338 +- 0.0139  0.1444 +- 0.0509
 YN:   0.2079  4.8762  0.2131 0.0340 +- 0.0140  0.1595 +- 0.0533
 YN:   0.1925  4.8762  0.2391 0.0339 +- 0.0140  0.1419 +- 0.0495
 YN:   0.2418  4.8762  0.1790 0.0345 +- 0.0142  0.1927 +- 0.0608
 YN:   0.1367  4.8762  0.4557 0.0341 +- 0.0140  0.0747 +- 0.0344
 YN:   0.0120  4.8762 99.0000 0.0055 +- 0.0055 -0.0000 +- 0.0000
 YN:  -0.0000  4.8762 99.0000 -0.0000 +- 0.0000 -0.0000 +- 0.0000
 YN:   0.0119  4.8762 99.0000 0.0055 +- 0.0055 -0.0000 +- 0.0000
 YN:  -0.0000  4.8762 99.0000 -0.0000 +- 0.0000 -0.0000 +- 0.0000
 YN:  -0.0000  4.8762 99.0000 -0.0000 +- 0.0000 -0.0000 +- 0.0000
 YN:   0.2270  4.8762  0.1765 0.0335 +- 0.0138  0.1896 +- 0.0623
 YN:   0.2031  4.8762  0.3005 0.0403 +- 0.0154  0.1342 +- 0.0460
 YN:   0.2205  4.8762  0.2510 0.0399 +- 0.0153  0.1590 +- 0.0531
 YN:   0.2389  4.8762  0.1722 0.0339 +- 0.0140  0.1971 +- 0.0608
 YN:   0.2561  4.8762  0.1547 0.0339 +- 0.0139  0.2188 +- 0.0657
 YN:   0.1366  4.8762  0.4571 0.0341 +- 0.0140  0.0746 +- 0.0343
 YN:   0.0120  4.8762 99.0000 0.0055 +- 0.0055 -0.0000 +- 0.0000
 YN:   0.0489  4.8762  0.1279 0.0056 +- 0.0056  0.0435 +- 0.0254
 YN:   0.2094  4.8762  0.2115 0.0340 +- 0.0140  0.1609 +- 0.0544
 YN:   0.1649  4.8762  0.3161 0.0341 +- 0.0140  0.1078 +- 0.0428
 YN:   0.0489  4.8762  0.1279 0.0056 +- 0.0056  0.0435 +- 0.0254
 YN:   0.0362  4.8762  0.1922 0.0055 +- 0.0056  0.0288 +- 0.0205
 YN:  -0.0000  4.8762 99.0000 -0.0000 +- 0.0000 -0.0000 +- 0.0000
 YN:   0.2382  4.8762  0.2204 0.0398 +- 0.0152  0.1805 +- 0.0589
 YN:   0.2062  4.8762  0.2763 0.0397 +- 0.0151  0.1436 +- 0.0506
 YN:   0.2203  4.8762  0.2512 0.0398 +- 0.0152  0.1586 +- 0.0530
 YN:   0.2049  4.8762  0.2816 0.0398 +- 0.0152  0.1412 +- 0.0492
 YN:   0.2541  4.8762  0.2104 0.0404 +- 0.0154  0.1920 +- 0.0606
 YN:   0.1491  4.8762  0.5355 0.0399 +- 0.0152  0.0745 +- 0.0343
 YN:   0.0240  4.8762 99.0000 0.0111 +- 0.0079 -0.0000 +- 0.0000
 YN:   0.0120  4.8762 99.0000 0.0055 +- 0.0055 -0.0000 +- 0.0000
 YN:   0.0240  4.8762 99.0000 0.0111 +- 0.0079 -0.0000 +- 0.0000
 YN:   0.0120  4.8762 99.0000 0.0055 +- 0.0055 -0.0000 +- 0.0000
 YN:   0.0120  4.8762 99.0000 0.0055 +- 0.0055 -0.0000 +- 0.0000
 YN:   0.2394  4.8762  0.2078 0.0392 +- 0.0150  0.1887 +- 0.0620
 YN:   0.2156  4.8762  0.3465 0.0463 +- 0.0165  0.1337 +- 0.0458
 YN:   0.2330  4.8762  0.2891 0.0458 +- 0.0164  0.1584 +- 0.0529
 YN:   0.2512  4.8762  0.2032 0.0398 +- 0.0152  0.1958 +- 0.0603
 YN:   0.2684  4.8762  0.1824 0.0397 +- 0.0151  0.2175 +- 0.0652
 YN:   0.1491  4.8762  0.5365 0.0399 +- 0.0152  0.0744 +- 0.0342
 YN:   0.0240  4.8762 99.0000 0.0111 +- 0.0079 -0.0000 +- 0.0000
 YN:   0.0609  4.8762  0.2577 0.0112 +- 0.0079  0.0434 +- 0.0253
 YN:   0.2218  4.8762  0.2480 0.0398 +- 0.0152  0.1606 +- 0.0543
 YN:   0.1774  4.8762  0.3712 0.0399 +- 0.0152  0.1075 +- 0.0426
 YN:   0.0609  4.8762  0.2577 0.0112 +- 0.0079  0.0434 +- 0.0253
 YN:   0.0483  4.8762  0.3875 0.0111 +- 0.0079  0.0288 +- 0.0205
 YN:   0.0120  4.8762 99.0000 0.0055 +- 0.0055 -0.0000 +- 0.0000
 YN:   0.0120  4.8762 99.0000 0.0055 +- 0.0055 -0.0000 +- 0.0000
 YN:   0.2259  4.8762  0.1872 0.0339 +- 0.0140  0.1813 +- 0.0592
 YN:   0.1938  4.8762  0.2343 0.0338 +- 0.0139  0.1444 +- 0.0509
 YN:   0.2079  4.8762  0.2131 0.0340 +- 0.0140  0.1595 +- 0.0533
 YN:   0.1925  4.8762  0.2391 0.0339 +- 0.0140  0.1419 +- 0.0495
 YN:   0.2418  4.8762  0.1790 0.0345 +- 0.0142  0.1927 +- 0.0608
 YN:   0.1367  4.8762  0.4557 0.0341 +- 0.0140  0.0747 +- 0.0344
 YN:   0.0120  4.8762 99.0000 0.0055 +- 0.0055 -0.0000 +- 0.0000
 YN:  -0.0000  4.8762 99.0000 -0.0000 +- 0.0000 -0.0000 +- 0.0000
 YN:   0.0119  4.8762 99.0000 0.0055 +- 0.0055 -0.0000 +- 0.0000
 YN:  -0.0000  4.8762 99.0000 -0.0000 +- 0.0000 -0.0000 +- 0.0000
 YN:  -0.0000  4.8762 99.0000 -0.0000 +- 0.0000 -0.0000 +- 0.0000
 YN:   0.2270  4.8762  0.1765 0.0335 +- 0.0138  0.1896 +- 0.0623
 YN:   0.2031  4.8762  0.3005 0.0403 +- 0.0154  0.1342 +- 0.0460
 YN:   0.2205  4.8762  0.2510 0.0399 +- 0.0153  0.1590 +- 0.0531
 YN:   0.2389  4.8762  0.1722 0.0339 +- 0.0140  0.1971 +- 0.0608
 YN:   0.2561  4.8762  0.1547 0.0339 +- 0.0139  0.2188 +- 0.0657
 YN:   0.1366  4.8762  0.4571 0.0341 +- 0.0140  0.0746 +- 0.0343
 YN:   0.0120  4.8762 99.0000 0.0055 +- 0.0055 -0.0000 +- 0.0000
 YN:   0.0489  4.8762  0.1279 0.0056 +- 0.0056  0.0435 +- 0.0254
 YN:   0.2094  4.8762  0.2115 0.0340 +- 0.0140  0.1609 +- 0.0544
 YN:   0.1649  4.8762  0.3161 0.0341 +- 0.0140  0.1078 +- 0.0428
 YN:   0.0489  4.8762  0.1279 0.0056 +- 0.0056  0.0435 +- 0.0254
 YN:   0.0362  4.8762  0.1922 0.0055 +- 0.0056  0.0288 +- 0.0205
 YN:  -0.0000  4.8762 99.0000 -0.0000 +- 0.0000 -0.0000 +- 0.0000
 YN:  -0.0000  4.8762 99.0000 -0.0000 +- 0.0000 -0.0000 +- 0.0000
 YN:   0.0120  4.8762 99.0000 0.0055 +- 0.0055 -0.0000 +- 0.0000
 YN:   0.2278  4.8762  0.1459 0.0284 +- 0.0128  0.1949 +- 0.0607
 YN:   0.1954  4.8762  0.1790 0.0283 +- 0.0128  0.1583 +- 0.0528
 YN:   0.2098  4.8762  0.1642 0.0285 +- 0.0129  0.1733 +- 0.0551
 YN:   0.2098  4.8762  0.1632 0.0284 +- 0.0128  0.1741 +- 0.0554
 YN:   0.2439  4.8762  0.1403 0.0289 +- 0.0130  0.2058 +- 0.0622
 YN:   0.1373  4.8762  0.3223 0.0285 +- 0.0129  0.0885 +- 0.0371
 YN:   0.0369  4.8762  0.0000 -0.0000 +- 0.0000  0.0431 +- 0.0252
 YN:   0.0489  4.8762  0.1273 0.0056 +- 0.0056  0.0436 +- 0.0255
 YN:   0.0609  4.8762  0.2558 0.0111 +- 0.0079  0.0436 +- 0.0255
 YN:   0.0489  4.8762  0.1273 0.0056 +- 0.0056  0.0436 +- 0.0255
 YN:   0.0489  4.8762  0.1273 0.0056 +- 0.0056  0.0436 +- 0.0255
 YN:   0.2122  4.8762  0.1532 0.0280 +- 0.0127  0.1829 +- 0.0591
 YN:   0.2197  4.8762  0.2105 0.0347 +- 0.0143  0.1649 +- 0.0515
 YN:   0.2223  4.8762  0.1990 0.0344 +- 0.0142  0.1728 +- 0.0549
 YN:   0.2413  4.8762  0.1345 0.0284 +- 0.0128  0.2111 +- 0.0625
 YN:   0.2587  4.8762  0.1219 0.0283 +- 0.0128  0.2326 +- 0.0671
 YN:   0.1373  4.8762  0.3234 0.0285 +- 0.0129  0.0883 +- 0.0370
 YN:   0.0369  4.8762  0.0000 -0.0000 +- 0.0000  0.0431 +- 0.0252
 YN:   0.0243  4.8762  0.0000 -0.0000 +- 0.0000  0.0281 +- 0.0199
 YN:   0.2111  4.8762  0.1636 0.0285 +- 0.0129  0.1743 +- 0.0560
 YN:   0.1514  4.8762  0.2730 0.0286 +- 0.0129  0.1046 +- 0.0409
 YN:   0.0243  4.8762  0.0000 -0.0000 +- 0.0000  0.0281 +- 0.0199
 YN:   0.0120  4.8762  0.0000 -0.0000 +- 0.0000  0.0140 +- 0.0140
 YN:   0.0489  4.8762  0.1273 0.0056 +- 0.0056  0.0436 +- 0.0255
 YN:   0.0489  4.8762  0.1273 0.0056 +- 0.0056  0.0436 +- 0.0255
 YN:   0.0609  4.8762  0.2567 0.0112 +- 0.0079  0.0435 +- 0.0254
 YN:   0.0489  4.8762  0.1273 0.0056 +- 0.0056  0.0436 +- 0.0255
 YN:   0.2132  4.8762  0.1584 0.0284 +- 0.0128  0.1790 +- 0.0584
 YN:   0.1813  4.8762  0.1982 0.0283 +- 0.0128  0.1426 +- 0.0502
 YN:   0.1954  4.8762  0.1803 0.0284 +- 0.0128  0.1575 +- 0.0526
 YN:   0.1954  4.8762  0.1792 0.0283 +- 0.0128  0.1582 +- 0.0528
 YN:   0.2290  4.8762  0.1515 0.0288 +- 0.0130  0.1901 +- 0.0599
 YN:   0.1243  4.8762  0.3852 0.0284 +- 0.0128  0.0738 +- 0.0340
 YN:  -0.0000  4.8762 99.0000 -0.0000 +- 0.0000 -0.0000 +- 0.0000
 YN:   0.0120  4.8762 99.0000 0.0055 +- 0.0055 -0.0000 +- 0.0000
 YN:   0.0240  4.8762 99.0000 0.0111 +- 0.0079 -0.0000 +- 0.0000
 YN:   0.0120  4.8762 99.0000 0.0055 +- 0.0055 -0.0000 +- 0.0000
 YN:   0.0120  4.8762 99.0000 0.0055 +- 0.0055 -0.0000 +- 0.0000
 YN:   0.2143  4.8762  0.1495 0.0279 +- 0.0126  0.1870 +- 0.0613
 YN:   0.1905  4.8762  0.2612 0.0346 +- 0.0143  0.1326 +- 0.0455
 YN:   0.2079  4.8762  0.2185 0.0343 +- 0.0142  0.1570 +- 0.0524
 YN:   0.2262  4.8762  0.1456 0.0283 +- 0.0128  0.1946 +- 0.0599
 YN:   0.2434  4.8762  0.1309 0.0283 +- 0.0128  0.2159 +- 0.0647
 YN:   0.1243  4.8762  0.3866 0.0285 +- 0.0129  0.0737 +- 0.0339
 YN:  -0.0000  4.8762 99.0000 -0.0000 +- 0.0000 -0.0000 +- 0.0000
 YN:   0.0369  4.8762  0.0000 -0.0000 +- 0.0000  0.0430 +- 0.0251
 YN:   0.1968  4.8762  0.1791 0.0284 +- 0.0128  0.1587 +- 0.0536
 YN:   0.1673  4.8762  0.2301 0.0285 +- 0.0129  0.1237 +- 0.0463
 YN:   0.0369  4.8762  0.0000 -0.0000 +- 0.0000  0.0430 +- 0.0251
 YN:   0.0243  4.8762  0.0000 -0.0000 +- 0.0000  0.0285 +- 0.0203
 YN:   0.0120  4.8762 99.0000 0.0055 +- 0.0055 -0.0000 +- 0.0000
 YN:   0.0120  4.8762 99.0000 0.0055 +- 0.0055 -0.0000 +- 0.0000
 YN:   0.0240  4.8762 99.0000 0.0111 +- 0.0079 -0.0000 +- 0.0000
 YN:   0.0120  4.8762 99.0000 0.0055 +- 0.0055 -0.0000 +- 0.0000
 YN:   0.0369  4.8762  0.0000 -0.0000 +- 0.0000  0.0431 +- 0.0252
 YN:   0.2259  4.8762  0.1872 0.0339 +- 0.0140  0.1813 +- 0.0592
 YN:   0.1938  4.8762  0.2343 0.0338 +- 0.0139  0.1444 +- 0.0509
 YN:   0.2079  4.8762  0.2131 0.0340 +- 0.0140  0.1595 +- 0.0533
 YN:   0.1925  4.8762  0.2391 0.0339 +- 0.0140  0.1419 +- 0.0495
 YN:   0.2418  4.8762  0.1790 0.0345 +- 0.0142  0.1927 +- 0.0608
 YN:   0.1367  4.8762  0.4557 0.0341 +- 0.0140  0.0747 +- 0.0344
 YN:   0.0120  4.8762 99.0000 0.0055 +- 0.0055 -0.0000 +- 0.0000
 YN:  -0.0000  4.8762 99.0000 -0.0000 +- 0.0000 -0.0000 +- 0.0000
 YN:   0.0119  4.8762 99.0000 0.0055 +- 0.0055 -0.0000 +- 0.0000
 YN:  -0.0000  4.8762 99.0000 -0.0000 +- 0.0000 -0.0000 +- 0.0000
 YN:  -0.0000  4.8762 99.0000 -0.0000 +- 0.0000 -0.0000 +- 0.0000
 YN:   0.2270  4.8762  0.1765 0.0335 +- 0.0138  0.1896 +- 0.0623
 YN:   0.2031  4.8762  0.3005 0.0403 +- 0.0154  0.1342 +- 0.0460
 YN:   0.2205  4.8762  0.2510 0.0399 +- 0.0153  0.1590 +- 0.0531
 YN:   0.2389  4.8762  0.1722 0.0339 +- 0.0140  0.1971 +- 0.0608
 YN:   0.2561  4.8762  0.1547 0.0339 +- 0.0139  0.2188 +- 0.0657
 YN:   0.1366  4.8762  0.4571 0.0341 +- 0.0140  0.0746 +- 0.0343
 YN:   0.0120  4.8762 99.0000 0.0055 +- 0.0055 -0.0000 +- 0.0000
 YN:   0.0489  4.8762  0.1279 0.0056 +- 0.0056  0.0435 +- 0.0254
 YN:   0.2094  4.8762  0.2115 0.0340 +- 0.0140  0.1609 +- 0.0544
 YN:   0.1649  4.8762  0.3161 0.0341 +- 0.0140  0.1078 +- 0.0428
 YN:   0.0489  4.8762  0.1279 0.0056 +- 0.0056  0.0435 +- 0.0254
 YN:   0.0362  4.8762  0.1922 0.0055 +- 0.0056  0.0288 +- 0.0205
 YN:  -0.0000  4.8762 99.0000 -0.0000 +- 0.0000 -0.0000 +- 0.0000
 YN:  -0.0000  4.8762 99.0000 -0.0000 +- 0.0000 -0.0000 +- 0.0000
 YN:   0.0120  4.8762 99.0000 0.0055 +- 0.0055 -0.0000 +- 0.0000
 YN:  -0.0000  4.8762 99.0000 -0.0000 +- 0.0000 -0.0000 +- 0.0000
 YN:   0.0489  4.8762  0.1273 0.0056 +- 0.0056  0.0436 +- 0.0255
 YN:   0.0120  4.8762 99.0000 0.0055 +- 0.0055 -0.0000 +- 0.0000
 YN:   0.2258  4.8762  0.1908 0.0342 +- 0.0141  0.1793 +- 0.0585
 YN:   0.1939  4.8762  0.2386 0.0341 +- 0.0141  0.1428 +- 0.0503
 YN:   0.2080  4.8762  0.2171 0.0342 +- 0.0142  0.1577 +- 0.0527
 YN:   0.2081  4.8762  0.2158 0.0342 +- 0.0141  0.1584 +- 0.0529
 YN:   0.2417  4.8762  0.1825 0.0348 +- 0.0144  0.1905 +- 0.0600
 YN:   0.1369  4.8762  0.4639 0.0343 +- 0.0142  0.0740 +- 0.0340
 YN:   0.0119  4.8762 99.0000 0.0056 +- 0.0056 -0.0000 +- 0.0000
 YN:   0.0240  4.8762 99.0000 0.0111 +- 0.0079 -0.0000 +- 0.0000
 YN:   0.0362  4.8762 99.0000 0.0168 +- 0.0097 -0.0000 +- 0.0000
 YN:   0.0240  4.8762 99.0000 0.0111 +- 0.0079 -0.0000 +- 0.0000
 YN:   0.0240  4.8762 99.0000 0.0111 +- 0.0079 -0.0000 +- 0.0000
 YN:   0.2270  4.8762  0.1799 0.0337 +- 0.0139  0.1874 +- 0.0615
 YN:   0.2032  4.8762  0.3058 0.0406 +- 0.0155  0.1328 +- 0.0455
 YN:   0.2207  4.8762  0.2558 0.0402 +- 0.0154  0.1573 +- 0.0525
 YN:   0.2389  4.8762  0.1754 0.0342 +- 0.0141  0.1949 +- 0.0600
 YN:   0.2560  4.8762  0.1577 0.0341 +- 0.0141  0.2163 +- 0.0648
 YN:   0.1369  4.8762  0.4655 0.0343 +- 0.0142  0.0738 +- 0.0339
 YN:   0.0119  4.8762 99.0000 0.0056 +- 0.0056 -0.0000 +- 0.0000
 YN:   0.0488  4.8762  0.1297 0.0056 +- 0.0056  0.0430 +- 0.0251
 YN:   0.2095  4.8762  0.2156 0.0343 +- 0.0142  0.1590 +- 0.0537
 YN:   0.1800  4.8762  0.2771 0.0343 +- 0.0142  0.1239 +- 0.0464
 YN:   0.0488  4.8762  0.1297 0.0056 +- 0.0056  0.0430 +- 0.0251
 YN:   0.0362  4.8762  0.1949 0.0056 +- 0.0056  0.0285 +- 0.0203
 YN:   0.0240  4.8762 99.0000 0.0111 +- 0.0079 -0.0000 +- 0.0000
 YN:   0.0240  4.8762 99.0000 0.0111 +- 0.0079 -0.0000 +- 0.0000
 YN:   0.0361  4.8762 99.0000 0.0167 +- 0.0097 -0.0000 +- 0.0000
 YN:   0.0240  4.8762 99.0000 0.0111 +- 0.0079 -0.0000 +- 0.0000
 YN:   0.0488  4.8762  0.1291 0.0056 +- 0.0056  0.0432 +- 0.0252
 YN:   0.0119  4.8762 99.0000 0.0056 +- 0.0056 -0.0000 +- 0.0000
 YN:   0.0240  4.8762 99.0000 0.0111 +- 0.0079 -0.0000 +- 0.0000
 YN:   0.1691  4.8762  0.0000 -0.0000 +- 0.0000  0.1977 +- 0.0625
 YN:   0.1360  4.8762  0.0000 -0.0000 +- 0.0000  0.1600 +- 0.0541
 YN:   0.1190  4.8762  0.0000 -0.0000 +- 0.0000  0.1385 +- 0.0482
 YN:   0.1190  4.8762  0.0000 -0.0000 +- 0.0000  0.1392 +- 0.0485
 YN:   0.1514  4.8762  0.0000 -0.0000 +- 0.0000  0.1705 +- 0.0554
 YN:   0.0499  4.8762  0.0000 -0.0000 +- 0.0000  0.0580 +- 0.0296
 YN:   0.1234  4.8762  0.3858 0.0284 +- 0.0128  0.0735 +- 0.0333
 YN:   0.1358  4.8762  0.4563 0.0339 +- 0.0140  0.0744 +- 0.0337
 YN:   0.1233  4.8762  0.3794 0.0282 +- 0.0127  0.0742 +- 0.0336
 YN:   0.1358  4.8762  0.4563 0.0339 +- 0.0140  0.0744 +- 0.0337
 YN:   0.1358  4.8762  0.4563 0.0339 +- 0.0140  0.0744 +- 0.0337
 YN:   0.1369  4.8762  0.0000 -0.0000 +- 0.0000  0.1662 +- 0.0564
 YN:   0.1291  4.8762  0.0430 0.0057 +- 0.0057  0.1318 +- 0.0452
 YN:   0.1309  4.8762  0.0403 0.0056 +- 0.0056  0.1386 +- 0.0483
 YN:   0.1821  4.8762  0.0000 -0.0000 +- 0.0000  0.2125 +- 0.0636
 YN:   0.2000  4.8762  0.0000 -0.0000 +- 0.0000  0.2352 +- 0.0688
 YN:   0.0499  4.8762  0.0000 -0.0000 +- 0.0000  0.0580 +- 0.0295
 YN:   0.1234  4.8762  0.3858 0.0284 +- 0.0128  0.0735 +- 0.0333
 YN:   0.1382  4.8762  0.3164 0.0285 +- 0.0129  0.0899 +- 0.0381
 YN:   0.0906  4.8762  0.0000 -0.0000 +- 0.0000  0.1058 +- 0.0414
 YN:   0.0916  4.8762  0.0000 -0.0000 +- 0.0000  0.1062 +- 0.0421
 YN:   0.1382  4.8762  0.3164 0.0285 +- 0.0129  0.0899 +- 0.0381
 YN:   0.1243  4.8762  0.3814 0.0284 +- 0.0128  0.0744 +- 0.0342
 YN:   0.1358  4.8762  0.4563 0.0339 +- 0.0140  0.0744 +- 0.0337
 YN:   0.1358  4.8762  0.4563 0.0339 +- 0.0140  0.0744 +- 0.0337
 YN:   0.1482  4.8762  0.5354 0.0397 +- 0.0152  0.0742 +- 0.0336
 YN:   0.1358  4.8762  0.4563 0.0339 +- 0.0140  0.0744 +- 0.0337
 YN:   0.1382  4.8762  0.3152 0.0284 +- 0.0128  0.0902 +- 0.0382
 YN:   0.1234  4.8762  0.3858 0.0284 +- 0.0128  0.0735 +- 0.0333
 YN:   0.1358  4.8762  0.4563 0.0339 +- 0.0140  0.0744 +- 0.0337
 YN:   0.1360  4.8762  0.4646 0.0342 +- 0.0141  0.0736 +- 0.0333
