 YN:   0.2023  2.1577  0.1036 0.0217 +- 0.0038  0.2092 +- 0.0243
 YN:   0.2801  2.1577  0.0929 0.0273 +- 0.0043  0.2938 +- 0.0303
 YN:   0.2395  2.1577  0.0969 0.0244 +- 0.0040  0.2522 +- 0.0271
 YN:   0.2983  2.1577  0.1266 0.0369 +- 0.0050  0.2918 +- 0.0305
 YN:   0.2695  2.1577  0.1060 0.0297 +- 0.0045  0.2802 +- 0.0297
 YN:   0.2201  2.1577  0.0987 0.0227 +- 0.0039  0.2301 +- 0.0259
 YN:   0.3684  2.1577  0.3030 0.0783 +- 0.0074  0.2583 +- 0.0277
 YN:   0.3886  2.1577  0.2779 0.0794 +- 0.0075  0.2858 +- 0.0297
 YN:   0.3750  2.1577  0.2834 0.0770 +- 0.0074  0.2716 +- 0.0285
 YN:   0.3846  2.1577  0.2726 0.0777 +- 0.0074  0.2850 +- 0.0299
 YN:   0.3888  2.1577  0.3106 0.0838 +- 0.0077  0.2698 +- 0.0287
 YN:   0.3943  2.1577  0.2963 0.0835 +- 0.0077  0.2819 +- 0.0295
 YN:   0.3765  2.1577  0.3121 0.0814 +- 0.0076  0.2609 +- 0.0279
 YN:   0.4123  2.1577  0.2878 0.0859 +- 0.0078  0.2984 +- 0.0310
 YN:   0.1090  2.1577  0.5267 0.0298 +- 0.0045  0.0565 +- 0.0111
 YN:   0.3914  2.1577  0.2873 0.0809 +- 0.0076  0.2818 +- 0.0296
 YN:   0.3995  2.1577  0.2849 0.0828 +- 0.0076  0.2908 +- 0.0302
 YN:   0.3791  2.1577  0.2855 0.0782 +- 0.0074  0.2739 +- 0.0288
 YN:   0.4045  2.1577  0.2697 0.0813 +- 0.0076  0.3015 +- 0.0312
 YN:   0.1185  2.1577  0.4773 0.0311 +- 0.0046  0.0652 +- 0.0120
 YN:   0.0177  2.1577  0.3210 0.0039 +- 0.0016  0.0121 +- 0.0050
 YN:   0.4065  2.1577  0.1281 0.0509 +- 0.0059  0.3975 +- 0.0373
 YN:   0.3976  2.1577  0.1286 0.0507 +- 0.0059  0.3939 +- 0.0374
 YN:   0.3907  2.1577  0.1087 0.0435 +- 0.0054  0.4001 +- 0.0373
 YN:   0.4108  2.1577  0.1134 0.0476 +- 0.0057  0.4200 +- 0.0395
 YN:   0.4420  2.1577  0.2307 0.0814 +- 0.0076  0.3530 +- 0.0339
 YN:   0.4533  2.1577  0.2474 0.0871 +- 0.0078  0.3520 +- 0.0340
 YN:   0.4537  2.1577  0.2253 0.0826 +- 0.0076  0.3664 +- 0.0351
 YN:   0.3850  2.1577  0.1553 0.0543 +- 0.0061  0.3496 +- 0.0343
 YN:   0.4077  2.1577  0.1242 0.0496 +- 0.0058  0.3993 +- 0.0389
 YN:   0.3257  2.1577  0.1612 0.0472 +- 0.0057  0.2926 +- 0.0304
 YN:   0.3435  2.1577  0.1720 0.0522 +- 0.0060  0.3037 +- 0.0317
 YN:   0.4842  2.1577  0.2690 0.0961 +- 0.0083  0.3574 +- 0.0349
 YN:   0.4832  2.1577  0.2936 0.1008 +- 0.0085  0.3433 +- 0.0337
 YN:   0.4892  2.1577  0.2816 0.0997 +- 0.0085  0.3541 +- 0.0345
 YN:   0.5014  2.1577  0.1666 0.0748 +- 0.0072  0.4487 +- 0.0412
 YN:   0.4827  2.1577  0.1345 0.0621 +- 0.0066  0.4612 +- 0.0437
 YN:   0.4860  2.1577  0.1125 0.0555 +- 0.0062  0.4932 +- 0.0469
 YN:   0.4346  2.1577  0.1106 0.0485 +- 0.0058  0.4384 +- 0.0416
 YN:   0.4631  2.1577  0.1145 0.0534 +- 0.0060  0.4662 +- 0.0445
 YN:   0.5073  2.1577  0.2133 0.0885 +- 0.0079  0.4150 +- 0.0390
 YN:   0.5166  2.1577  0.2396 0.0968 +- 0.0083  0.4039 +- 0.0380
 YN:   0.5121  2.1577  0.2235 0.0920 +- 0.0081  0.4118 +- 0.0386
 YN:   0.4865  2.1577  0.1306 0.0619 +- 0.0065  0.4738 +- 0.0437
 YN:   0.5102  2.1577  0.1783 0.0790 +- 0.0075  0.4431 +- 0.0416
 YN:   0.5177  2.1577  0.1225 0.0622 +- 0.0066  0.5077 +- 0.0488
 YN:   0.5066  2.1577  0.1008 0.0532 +- 0.0060  0.5277 +- 0.0512
 YN:   0.4606  2.1577  0.1085 0.0506 +- 0.0059  0.4664 +- 0.0447
 YN:   0.4919  2.1577  0.1128 0.0560 +- 0.0062  0.4965 +- 0.0480
 YN:   0.5249  2.1577  0.2154 0.0921 +- 0.0081  0.4276 +- 0.0408
 YN:   0.5289  2.1577  0.2360 0.0982 +- 0.0084  0.4160 +- 0.0397
 YN:   0.5321  2.1577  0.2207 0.0949 +- 0.0082  0.4299 +- 0.0410
 YN:   0.5465  2.1577  0.1194 0.0651 +- 0.0067  0.5450 +- 0.0515
 YN:   0.5252  2.1577  0.1522 0.0731 +- 0.0072  0.4805 +- 0.0456
 YN:   0.1637  2.1577  0.1015 0.0171 +- 0.0034  0.1686 +- 0.0206
