 YN:   0.3124  4.2042  0.0757 0.0244 +- 0.0245  0.3220 +- 0.1728
 YN:   0.3124  4.2042  0.0757 0.0244 +- 0.0245  0.3220 +- 0.1728
 YN:  -0.0000  4.2042 99.0000 -0.0000 +- 0.0000 -0.0000 +- 0.0000
 YN:   0.3124  4.2042  0.0757 0.0244 +- 0.0245  0.3220 +- 0.1728
 YN:  -0.0000  4.2042 99.0000 -0.0000 +- 0.0000 -0.0000 +- 0.0000
 YN:  -0.0000  4.2042 99.0000 -0.0000 +- 0.0000 -0.0000 +- 0.0000
 YN:   0.4079  4.2042  0.0505 0.0238 +- 0.0239  0.4713 +- 0.2365
 YN:   0.0549  4.2042  0.0000 -0.0000 +- 0.0000  0.0649 +- 0.0656
 YN:   0.0549  4.2042  0.0000 -0.0000 +- 0.0000  0.0649 +- 0.0656
 YN:   0.0549  4.2042  0.0000 -0.0000 +- 0.0000  0.0649 +- 0.0656
 YN:   0.4461  4.2042  0.0000 -0.0000 +- 0.0000  0.5176 +- 0.2507
 YN:   0.4888  4.2042  0.0550 0.0258 +- 0.0259  0.4695 +- 0.2241
 YN:   0.4888  4.2042  0.0550 0.0258 +- 0.0259  0.4695 +- 0.2241
 YN:   0.4888  4.2042  0.0550 0.0258 +- 0.0259  0.4695 +- 0.2241
 YN:   0.6299  4.2042  0.0390 0.0253 +- 0.0254  0.6496 +- 0.3272
 YN:   0.5262  4.2042  0.0972 0.0531 +- 0.0370  0.5462 +- 0.3634
 YN:   0.3576  4.2042  0.3966 0.0836 +- 0.0490  0.2107 +- 0.1371
 YN:   0.3576  4.2042  0.3966 0.0836 +- 0.0490  0.2107 +- 0.1371
 YN:   0.3576  4.2042  0.3966 0.0836 +- 0.0490  0.2107 +- 0.1371
 YN:   0.2867  4.2042  0.6063 0.0816 +- 0.0478  0.1346 +- 0.1032
 YN:   0.4661  4.2042  0.1206 0.0506 +- 0.0361  0.4199 +- 0.2221
 YN:   0.3965  4.2042  0.0592 0.0246 +- 0.0248  0.4163 +- 0.2053
 YN:   0.2886  4.2042  0.2671 0.0524 +- 0.0374  0.1961 +- 0.1177
 YN:   0.2886  4.2042  0.2671 0.0524 +- 0.0374  0.1961 +- 0.1177
 YN:   0.2886  4.2042  0.2671 0.0524 +- 0.0374  0.1961 +- 0.1177
 YN:   0.2239  4.2042  0.3877 0.0512 +- 0.0366  0.1320 +- 0.0957
 YN:   0.6069  4.2042  0.0447 0.0261 +- 0.0263  0.5851 +- 0.2835
 YN:   0.4398  4.2042  0.2690 0.0826 +- 0.0475  0.3071 +- 0.1854
 YN:   1.0266  4.2042  0.0515 0.0610 +- 0.0390  1.1835 +- 0.6294
 YN:   0.7851  4.2042  0.0854 0.0642 +- 0.0411  0.7524 +- 0.5602
 YN:   0.7851  4.2042  0.0854 0.0642 +- 0.0411  0.7524 +- 0.5602
 YN:   0.7851  4.2042  0.0854 0.0642 +- 0.0411  0.7524 +- 0.5602
 YN:   0.6049  4.2042  0.1082 0.0626 +- 0.0401  0.5785 +- 0.3689
 YN:   2.4779  4.2042  0.0290 0.0779 +- 0.0457  2.6853 +- 27.5877
 YN:   0.5297  4.2042  0.0914 0.0491 +- 0.0351  0.5372 +- 0.3556
 YN:   1.1539  4.2042  0.0837 0.0920 +- 0.0501  1.0996 +- 1.1928
 YN:   0.4242  4.2042  0.0000 -0.0000 +- 0.0000  0.4374 +- 0.2043
 YN:   0.4751  4.2042  0.0639 0.0268 +- 0.0270  0.4199 +- 0.1958
 YN:   0.4751  4.2042  0.0639 0.0268 +- 0.0270  0.4199 +- 0.1958
 YN:   0.4751  4.2042  0.0639 0.0268 +- 0.0270  0.4199 +- 0.1958
 YN:   0.5929  4.2042  0.0483 0.0265 +- 0.0267  0.5496 +- 0.2580
 YN:   0.1773  4.2042  0.0000 -0.0000 +- 0.0000  0.1771 +- 0.1058
 YN:   0.7008  4.2042  0.0861 0.0533 +- 0.0381  0.6196 +- 0.3366
 YN:   0.5781  4.2042  0.0541 0.0274 +- 0.0276  0.5060 +- 0.2324
 YN:   1.3315  4.2042  0.0680 0.0821 +- 0.0482  1.2067 +- 0.5718
 YN:   1.4441  4.2042  0.0271 0.0518 +- 0.0361  1.9153 +- 5.7478
 YN:   0.3531  4.2042  0.5449 0.0962 +- 0.0528  0.1766 +- 0.1240
 YN:   0.3531  4.2042  0.5449 0.0962 +- 0.0528  0.1766 +- 0.1240
 YN:   0.3531  4.2042  0.5449 0.0962 +- 0.0528  0.1766 +- 0.1240
 YN:   0.4391  4.2042  0.3096 0.0939 +- 0.0515  0.3033 +- 0.1965
 YN:   1.1211  4.2042  0.0415 0.0503 +- 0.0359  1.2121 +- 1.1993
 YN:   0.3567  4.2042  0.0000 -0.0000 +- 0.0000  0.4820 +- 0.2427
 YN:   0.7401  4.2042  0.1183 0.0812 +- 0.0467  0.6863 +- 0.5043
 YN:   1.0236  4.2042  0.0402 0.0485 +- 0.0347  1.2084 +- 1.3178
 YN:   0.8999  4.2042  0.0629 0.0529 +- 0.0378  0.8415 +- 0.5257
 YN:   1.2857  4.2042  0.0220 0.0359 +- 0.0296  1.6326 +- 4.4083
 YN:   0.2948  4.2042  0.3446 0.0642 +- 0.0416  0.1863 +- 0.1302
 YN:   0.2948  4.2042  0.3446 0.0642 +- 0.0416  0.1863 +- 0.1302
 YN:   0.2948  4.2042  0.3446 0.0642 +- 0.0416  0.1863 +- 0.1302
 YN:   0.3869  4.2042  0.1978 0.0626 +- 0.0405  0.3165 +- 0.2086
 YN:   0.7419  4.2042  0.0304 0.0248 +- 0.0249  0.8168 +- 0.5574
 YN:   0.4078  4.2042  0.0505 0.0238 +- 0.0239  0.4708 +- 0.2362
 YN:   0.6490  4.2042  0.1050 0.0637 +- 0.0408  0.6066 +- 0.4355
 YN:   0.9184  4.2042  0.0215 0.0241 +- 0.0242  1.1188 +- 1.0910
 YN:   0.6481  4.2042  0.0420 0.0262 +- 0.0263  0.6236 +- 0.3413
 YN:   0.1704  4.2042  0.1467 0.0235 +- 0.0236  0.1604 +- 0.1170
 YN:   0.3124  4.2042  0.0757 0.0244 +- 0.0245  0.3220 +- 0.1728
 YN:  -0.0000  4.2042 99.0000 -0.0000 +- 0.0000 -0.0000 +- 0.0000
 YN:  -0.0000  4.2042 99.0000 -0.0000 +- 0.0000 -0.0000 +- 0.0000
 YN:  -0.0000  4.2042 99.0000 -0.0000 +- 0.0000 -0.0000 +- 0.0000
 YN:   0.0549  4.2042  0.0000 -0.0000 +- 0.0000  0.0649 +- 0.0656
 YN:   0.4888  4.2042  0.0550 0.0258 +- 0.0259  0.4695 +- 0.2241
 YN:   0.3576  4.2042  0.3966 0.0836 +- 0.0490  0.2107 +- 0.1371
 YN:   0.2886  4.2042  0.2671 0.0524 +- 0.0374  0.1961 +- 0.1177
 YN:   0.7851  4.2042  0.0854 0.0642 +- 0.0411  0.7524 +- 0.5602
 YN:   0.4751  4.2042  0.0639 0.0268 +- 0.0270  0.4199 +- 0.1958
 YN:   0.3531  4.2042  0.5449 0.0962 +- 0.0528  0.1766 +- 0.1240
 YN:   0.2948  4.2042  0.3446 0.0642 +- 0.0416  0.1863 +- 0.1302
 YN:   0.8587  4.2042  0.0000 -0.0000 +- 0.0000  1.0022 +- 0.4689
 YN:   0.6979  4.2042  0.0598 0.0393 +- 0.0323  0.6572 +- 0.4502
 YN:   0.6979  4.2042  0.0598 0.0393 +- 0.0323  0.6572 +- 0.4502
 YN:   0.6979  4.2042  0.0598 0.0393 +- 0.0323  0.6572 +- 0.4502
 YN:   0.5354  4.2042  0.0763 0.0386 +- 0.0317  0.5053 +- 0.3126
 YN:   1.9074  4.2042  0.0000 -0.0000 +- 0.0000  1.9268 +- 3.8867
 YN:   0.5814  4.2042  0.1110 0.0571 +- 0.0399  0.5146 +- 0.2877
 YN:   1.0686  4.2042  0.0255 0.0265 +- 0.0267  1.0409 +- 1.0442
 YN:   0.6070  4.2042  0.1299 0.0662 +- 0.0424  0.5094 +- 0.3269
 YN:   1.5622  4.2042  0.0000 -0.0000 +- 0.0000  1.4718 +- 0.7585
 YN:   0.8347  4.2042  0.0666 0.0559 +- 0.0390  0.8394 +- 0.6648
 YN:   1.1959  4.2042  0.0312 0.0387 +- 0.0319  1.2404 +- 1.2499
 YN:   0.6979  4.2042  0.0598 0.0393 +- 0.0323  0.6572 +- 0.4502
