40.880	316.620	173.382
40.880	316.620	173.382
49.978	325.312	174.706
51.033	328.171	174.576
51.033	328.171	174.576
51.823	329.283	174.944
49.978	325.312	174.706
49.978	325.312	174.706
53.406	324.840	175.644
51.041	325.767	174.378
49.978	325.312	174.706
49.978	325.312	174.706
51.235	320.157	173.855
49.410	319.539	175.807
49.410	319.539	175.807
49.978	325.312	174.706
51.909	322.946	172.503
52.510	322.659	173.642
53.305	321.470	173.831
52.527	320.188	173.542
53.830	321.505	175.277
51.235	320.157	173.855
50.418	318.937	173.668
49.160	318.979	174.547
49.410	319.539	175.807
51.620	326.902	175.155
56.231	322.649	180.610
56.231	322.649	180.610
56.231	322.649	180.610
56.231	322.649	180.610
56.231	322.649	180.610
58.794	321.362	179.829
65.496	321.510	177.067
61.910	319.074	179.114
61.910	319.074	179.114
65.496	321.510	177.067
65.353	326.822	171.386
65.353	326.822	171.386
61.721	327.488	173.670
61.721	327.488	173.670
57.092	324.859	174.983
56.153	325.080	175.896
59.545	322.206	176.930
57.959	323.665	175.136
56.153	325.080	175.896
61.721	327.488	173.670
70.671	323.889	169.761
71.283	323.758	170.815
74.766	317.833	173.712
69.550	317.856	173.692
65.496	321.510	177.067
58.046	292.446	222.458
62.173	293.138	222.724
60.707	289.872	220.007
60.707	289.872	220.007
62.617	289.236	217.223
68.109	293.967	222.474
71.744	291.022	211.315
70.856	294.520	209.503
67.487	292.252	208.060
66.443	291.408	208.290
70.298	289.548	214.238
70.298	289.548	214.238
71.660	291.899	213.556
71.744	291.022	211.315
72.131	293.339	213.783
65.377	315.199	175.072
65.760	315.494	176.202
65.210	313.248	171.388
65.909	313.898	172.289
65.630	315.277	172.509
66.180	315.755	173.873
65.377	315.199	175.072
64.387	314.458	174.906
65.760	315.494	176.202
65.117	309.405	172.484
64.387	314.458	174.906
65.377	315.199	175.072
64.387	314.458	174.906
65.760	315.494	176.202
62.224	310.266	174.071
69.808	315.138	171.287
69.550	317.856	173.692
73.426	316.588	172.334
74.405	316.656	173.228
75.036	315.565	173.615
70.728	314.701	170.449
71.926	314.775	170.690
69.808	315.138	171.287
65.760	315.494	176.202
71.926	314.775	170.690
75.036	315.565	173.615
75.036	315.565	173.615
73.604	301.511	178.138
78.549	300.082	175.343
72.624	300.751	173.649
72.786	301.398	176.869
78.968	300.790	177.548
78.968	300.790	177.548
78.549	300.082	175.343
78.218	300.085	176.668
78.968	300.790	177.548
73.608	304.919	171.017
71.739	302.495	176.789
73.608	304.919	171.017
73.604	301.511	178.138
73.604	301.511	178.138
73.604	301.511	178.138
77.135	299.384	177.130
78.968	300.790	177.548
71.148	296.197	192.712
71.148	296.197	192.712
71.148	293.722	187.827
71.553	294.866	184.376
72.654	295.222	185.345
71.148	296.197	192.712
74.722	293.212	200.894
72.897	292.128	194.429
74.217	291.963	195.155
69.749	292.668	201.565
73.299	293.477	202.753
66.443	291.408	208.290
66.001	290.512	207.319
66.443	291.408	208.290
67.678	291.296	205.822
68.101	292.186	206.824
66.602	290.444	206.089
66.001	290.512	207.319
68.266	290.971	203.312
70.856	294.520	209.503
67.487	292.252	208.060
56.811	290.537	209.717
57.965	289.552	210.564
58.425	289.587	206.105
55.113	294.241	205.335
66.443	291.408	208.290
57.965	289.552	210.564
57.965	289.552	210.564
60.707	289.872	220.007
62.617	289.236	217.223
57.965	289.552	210.564
57.965	289.552	210.564
57.808	288.009	209.815
62.617	289.236	217.223
58.354	288.227	220.960
56.011	287.734	220.909
58.354	288.227	220.960
60.707	289.872	220.007
56.011	287.734	220.909
57.427	287.314	221.210
55.541	288.642	222.024
54.146	289.158	221.781
58.354	288.227	220.960
59.788	288.053	221.182
60.264	289.468	221.053
60.707	289.872	220.007
60.065	290.234	222.117
58.046	292.446	222.458
54.146	289.158	221.781
50.669	292.147	210.975
50.833	294.086	209.429
50.833	294.086	209.429
50.833	294.086	209.429
55.091	292.610	197.549
52.633	292.086	200.057
62.416	295.553	185.412
69.248	298.066	181.157
69.248	298.066	181.157
65.323	296.632	180.827
66.158	295.880	181.628
69.248	298.066	181.157
66.158	295.880	181.628
67.233	295.255	185.584
69.496	296.694	181.358
69.248	298.066	181.157
71.739	302.495	176.789
72.786	301.398	176.869
71.739	302.495	176.789
73.604	301.511	178.138
71.739	302.495	176.789
63.105	299.892	174.219
70.601	297.371	178.332
67.813	297.107	174.424
71.080	298.224	175.519
71.520	299.616	175.454
70.601	297.371	178.332
69.248	298.066	181.157
65.323	296.632	180.827
64.697	296.033	179.740
65.323	296.632	180.827
59.897	308.635	175.509
62.235	309.037	173.232
62.224	310.266	174.071
60.231	310.070	175.599
59.897	308.635	175.509
67.994	303.019	172.798
63.315	303.610	170.572
63.000	308.050	171.081
65.117	309.405	172.484
62.235	309.037	173.232
59.897	308.635	175.509
59.897	308.635	175.509
59.897	308.635	175.509
63.105	299.892	174.219
57.034	300.925	177.369
57.034	300.925	177.369
57.698	300.046	178.198
60.231	310.070	175.599
60.231	310.070	175.599
59.897	308.635	175.509
59.952	315.022	176.101
59.029	315.545	175.504
59.952	315.022	176.101
59.952	315.022	176.101
59.952	315.022	176.101
62.078	318.269	178.188
62.337	317.062	178.424
49.861	299.307	180.389
49.861	299.307	180.389
46.227	300.892	179.227
49.861	299.307	180.389
46.215	297.030	181.509
50.995	299.777	176.910
50.995	299.777	176.910
53.364	299.115	175.664
56.058	300.459	176.496
57.034	300.925	177.369
49.861	299.307	180.389
51.595	298.766	177.285
50.995	299.777	176.910
49.861	299.307	180.389
57.034	300.925	177.369
57.389	298.719	178.157
57.698	300.046	178.198
57.186	297.309	182.190
50.995	299.777	176.910
49.601	300.265	174.334
50.995	299.777	176.910
47.663	304.550	172.843
51.564	304.666	171.494
47.557	299.860	175.536
48.331	300.594	174.496
47.800	301.472	173.860
49.601	300.265	174.334
50.995	299.777	176.910
50.292	311.723	172.453
54.922	318.351	176.758
54.110	319.460	176.807
54.110	319.460	176.807
57.495	321.063	179.100
58.794	321.362	179.829
49.410	319.539	175.807
49.410	319.539	175.807
49.410	319.539	175.807
50.418	318.937	173.668
49.160	318.979	174.547
49.410	319.539	175.807
54.110	319.460	176.807
54.922	318.351	176.758
50.418	318.937	173.668
49.160	318.979	174.547
49.410	319.539	175.807
50.418	318.937	173.668
49.160	318.979	174.547
55.695	315.835	173.821
52.527	320.188	173.542
53.082	319.248	172.990
54.449	320.231	175.745
54.110	319.460	176.807
55.711	318.497	175.692
54.922	318.351	176.758
50.418	318.937	173.668
50.546	312.679	171.747
49.840	313.773	171.773
50.418	318.937	173.668
49.358	317.725	171.903
55.695	315.835	173.821
53.082	319.248	172.990
50.418	318.937	173.668
54.077	313.368	170.371
55.280	314.083	170.973
52.897	313.364	171.328
55.293	315.409	170.969
56.441	316.128	171.542
56.604	315.690	173.007
55.695	315.835	173.821
53.082	319.248	172.990
49.410	319.539	175.807
49.410	319.539	175.807
49.160	318.979	174.547
40.880	316.620	173.382
44.614	316.179	172.388
40.543	315.712	172.497
40.880	316.620	173.382
40.543	315.712	172.497
40.880	316.620	173.382
44.614	316.179	172.388
44.614	316.179	172.388
44.614	316.179	172.388
44.614	316.179	172.388
40.543	315.712	172.497
40.737	314.436	172.774
44.614	316.179	172.388
44.614	316.179	172.388
46.684	309.570	168.474
47.244	310.948	168.296
48.680	310.972	168.675
50.546	312.679	171.747
50.292	311.723	172.453
49.840	313.773	171.773
50.292	311.723	172.453
49.840	313.773	171.773
40.737	314.436	172.774
41.098	313.950	168.689
39.655	315.216	170.249
40.039	316.106	171.333
40.543	315.712	172.497
40.737	314.436	172.774
44.009	302.383	174.281
41.341	302.662	174.622
41.703	301.855	176.900
45.968	303.460	171.455
45.341	304.308	170.831
43.971	302.181	171.916
43.318	302.359	173.272
44.009	302.383	174.281
41.981	302.484	173.322
47.663	304.550	172.843
47.663	304.550	172.843
47.663	304.550	172.843
39.577	300.589	178.878
38.229	299.406	178.880
46.227	300.892	179.227
41.953	300.914	178.001
43.206	300.094	177.852
44.236	300.683	177.267
46.238	299.933	178.453
46.227	300.892	179.227
46.227	300.892	179.227
45.146	298.035	181.362
62.078	318.269	178.188
62.337	317.062	178.424
61.910	319.074	179.114
69.424	291.874	195.971
70.233	292.511	193.838
69.263	293.043	196.936
66.627	291.190	191.367
61.178	293.261	196.124
