39.475	317.246	176.293
39.180	318.621	175.960
47.188	327.276	175.887
47.610	328.598	176.529
48.211	329.418	175.800
48.211	329.418	175.800
48.405	325.062	177.372
49.454	324.497	178.213
50.478	323.717	177.369
50.478	323.717	177.369
50.478	323.717	177.369
49.893	322.498	176.696
49.893	322.498	176.696
49.893	322.498	176.696
48.810	322.050	177.091
50.526	321.973	175.770
50.526	321.973	175.770
50.526	321.973	175.770
50.526	321.973	175.770
50.526	321.973	175.770
50.526	321.973	175.770
50.526	321.973	175.770
50.526	321.973	175.770
50.526	321.973	175.770
50.526	321.973	175.770
50.082	326.826	178.742
52.974	324.177	182.075
52.668	322.951	181.261
52.643	321.844	181.782
52.388	323.141	179.988
56.244	326.299	181.232
59.669	323.880	182.727
64.958	320.558	180.626
64.958	320.558	180.626
65.235	319.273	181.047
66.827	324.893	178.073
65.841	328.062	175.043
66.821	326.995	174.760
63.380	327.341	177.185
61.996	327.671	177.528
59.021	327.507	177.118
59.021	327.507	177.118
59.011	325.522	178.466
59.011	325.522	178.466
59.011	325.522	178.466
60.658	330.651	175.384
72.421	326.737	171.913
72.421	326.737	171.913
72.496	319.261	176.450
71.071	318.929	176.749
68.093	319.576	179.021
58.549	296.325	222.821
60.630	294.425	219.299
60.004	293.396	218.388
61.050	292.712	217.568
61.050	292.712	217.568
68.914	297.098	221.645
68.152	292.768	211.526
68.152	292.768	211.526
68.152	292.768	211.526
68.152	292.768	211.526
67.474	291.467	213.401
68.225	291.607	212.256
68.225	291.607	212.256
68.225	291.607	212.256
70.059	296.272	213.082
67.954	312.250	175.559
67.954	312.250	175.559
67.423	312.887	174.673
67.423	312.887	174.673
67.423	312.887	174.673
67.423	312.887	174.673
67.423	312.887	174.673
67.423	312.887	174.673
67.423	312.887	174.673
65.826	311.120	176.006
65.826	311.120	176.006
65.410	312.309	176.686
65.410	312.309	176.686
65.410	312.309	176.686
65.151	309.984	176.607
70.774	313.816	174.826
71.230	314.803	174.260
71.230	314.803	174.260
71.230	314.803	174.260
71.230	314.803	174.260
71.230	314.803	174.260
71.230	314.803	174.260
71.230	314.803	174.260
69.039	315.566	177.629
72.288	312.401	173.635
73.678	312.239	174.215
74.662	312.664	173.615
76.600	304.026	177.642
77.831	303.612	174.041
75.605	302.915	174.818
75.605	302.915	174.818
79.296	304.293	178.007
81.357	303.396	176.867
80.796	302.295	176.805
80.796	302.295	176.805
80.796	302.295	176.805
73.770	306.756	174.558
72.108	305.168	174.526
72.108	305.168	174.526
75.715	303.757	180.389
75.809	302.454	181.007
76.814	301.591	180.272
76.814	301.591	180.272
76.814	301.591	180.272
71.318	299.983	191.883
70.580	299.408	192.669
71.042	297.634	187.022
71.042	297.634	187.022
71.042	297.634	187.022
72.368	296.056	196.462
73.008	296.074	198.885
73.751	295.686	195.985
73.751	295.686	195.985
70.850	295.942	203.405
70.850	295.942	203.405
64.205	294.472	207.166
63.739	293.660	207.962
63.739	293.660	207.962
64.919	293.326	204.990
64.919	293.326	204.990
64.919	293.326	204.990
64.919	293.326	204.990
65.259	293.051	202.528
67.462	296.138	208.839
67.462	296.138	208.839
59.897	292.556	210.747
59.897	292.556	210.747
59.126	293.494	206.470
58.482	294.818	206.546
64.062	292.320	211.086
58.870	291.889	213.654
58.919	290.501	213.999
59.784	290.599	216.195
59.784	290.599	216.195
60.183	289.902	213.460
59.266	287.559	213.411
59.266	287.559	213.411
61.323	287.672	214.139
57.738	289.191	217.329
57.245	290.325	218.197
57.245	290.325	218.197
57.245	290.325	218.197
57.193	290.191	219.407
57.193	290.191	219.407
57.193	290.191	219.407
57.193	290.191	219.407
57.193	290.191	219.407
57.193	290.191	219.407
57.193	290.191	219.407
57.193	290.191	219.407
57.193	290.191	219.407
57.193	290.191	219.407
54.289	291.432	218.558
47.844	294.482	211.978
47.844	294.482	211.978
47.944	295.267	210.850
50.967	297.751	209.719
53.204	295.649	198.372
53.204	295.649	198.372
60.624	298.729	186.382
67.566	301.262	182.714
66.751	300.034	182.402
66.856	298.989	183.494
66.856	298.989	183.494
66.856	298.989	183.494
67.850	298.261	183.591
67.850	298.261	183.591
67.850	298.261	183.591
67.850	298.261	183.591
70.058	304.233	179.754
70.871	303.086	179.632
70.871	303.086	179.632
70.871	303.086	179.632
68.240	302.034	178.460
65.453	302.113	176.538
68.068	299.992	177.180
68.068	299.992	177.180
68.068	299.992	177.180
68.068	299.992	177.180
67.506	299.232	178.227
67.506	299.232	178.227
63.699	300.128	179.816
62.298	298.525	180.978
62.298	298.525	180.978
62.546	305.987	175.955
62.025	307.068	175.729
62.025	307.068	175.729
62.025	307.068	175.729
62.025	307.068	175.729
66.096	304.899	175.024
64.238	305.696	173.666
64.238	305.696	173.666
64.238	305.696	173.666
64.238	305.696	173.666
60.405	304.907	175.882
59.533	305.268	177.098
58.351	305.569	176.935
60.522	302.421	175.713
58.445	303.515	175.082
57.698	303.250	180.300
57.698	303.250	180.300
60.028	310.028	179.461
59.534	309.962	178.372
59.534	309.962	178.372
59.188	312.910	178.810
59.403	314.350	179.243
59.403	314.350	179.243
58.410	315.071	179.469
60.575	314.807	179.302
60.575	314.807	179.302
60.575	314.807	179.302
49.117	302.346	182.192
49.826	303.288	180.128
47.659	302.075	182.396
48.227	299.963	183.622
47.920	298.957	184.538
52.853	302.632	177.795
53.516	302.487	176.801
53.516	302.487	176.801
53.516	302.487	176.801
53.516	302.487	176.801
53.107	301.111	179.781
53.107	301.111	179.781
53.107	301.111	179.781
53.137	299.645	181.765
55.254	300.429	180.829
55.254	300.429	180.829
55.254	300.429	180.829
55.254	300.429	180.829
51.588	303.034	177.766
50.829	303.250	176.551
50.829	303.250	176.551
50.594	304.939	174.841
50.594	304.939	174.841
49.333	303.183	176.848
49.333	303.183	176.848
49.333	303.183	176.848
49.333	303.183	176.848
49.333	303.183	176.848
52.012	311.842	175.921
54.214	316.353	179.357
51.960	318.563	179.918
51.953	319.694	179.425
56.656	318.657	182.034
59.455	318.638	182.379
50.025	317.821	178.663
48.746	318.220	179.299
49.776	316.512	177.920
50.616	316.346	176.669
50.616	316.346	176.669
50.616	316.346	176.669
51.845	316.945	176.566
51.845	316.945	176.566
51.845	316.945	176.566
51.845	316.945	176.566
51.845	316.945	176.566
50.191	315.542	175.622
50.191	315.542	175.622
52.637	316.746	175.479
52.637	316.746	175.479
52.637	316.746	175.479
52.637	316.746	175.479
52.637	316.746	175.479
52.637	316.746	175.479
52.637	316.746	175.479
52.637	316.746	175.479
50.981	315.338	174.510
50.981	315.338	174.510
50.981	315.338	174.510
50.981	315.338	174.510
52.205	315.943	174.450
52.205	315.943	174.450
52.205	315.943	174.450
53.039	315.733	173.384
53.039	315.733	173.384
53.039	315.733	173.384
53.039	315.733	173.384
53.039	315.733	173.384
53.039	315.733	173.384
53.039	315.733	173.384
53.039	315.733	173.384
48.114	319.253	178.773
46.437	321.338	177.654
46.773	316.227	176.096
42.898	317.682	175.401
42.898	317.682	175.401
42.475	316.598	175.818
42.475	316.598	175.818
42.256	318.365	174.588
42.256	318.365	174.588
42.256	318.365	174.588
44.800	315.202	175.934
45.371	313.981	175.399
44.517	313.284	174.334
43.317	313.512	174.239
43.317	313.512	174.239
43.317	313.512	174.239
45.146	312.457	173.497
45.567	310.765	171.996
46.719	311.633	172.002
46.719	311.633	172.002
46.719	311.633	172.002
46.719	311.633	172.002
46.719	311.633	172.002
46.600	312.392	173.305
46.600	312.392	173.305
39.428	311.182	171.330
39.845	312.259	171.786
39.845	312.259	171.786
39.845	312.259	171.786
39.845	312.259	171.786
39.845	312.259	171.786
42.533	305.519	176.001
42.533	305.519	176.001
42.533	305.519	176.001
43.465	305.851	173.083
43.465	305.851	173.083
43.465	305.851	173.083
43.465	305.851	173.083
43.465	305.851	173.083
43.465	305.851	173.083
47.907	306.774	175.766
48.423	307.698	174.861
49.564	307.366	174.175
38.217	302.250	181.365
38.217	302.250	181.365
44.638	303.613	180.997
44.388	302.272	180.843
44.388	302.272	180.843
44.388	302.272	180.843
44.388	302.272	180.843
44.388	302.272	180.843
43.520	301.875	181.812
42.981	300.622	182.063
