A	348	39.475	317.246	176.293
A	349	39.180	318.621	175.960
A	383	47.188	327.276	175.887
A	384	47.610	328.598	176.529
A	386	48.211	329.418	175.800
A	386	48.211	329.418	175.800
A	387	48.405	325.062	177.372
A	388	49.454	324.497	178.213
A	391	50.478	323.717	177.369
A	391	50.478	323.717	177.369
A	391	50.478	323.717	177.369
A	392	49.893	322.498	176.696
A	392	49.893	322.498	176.696
A	392	49.893	322.498	176.696
A	393	48.810	322.050	177.091
A	394	50.526	321.973	175.770
A	394	50.526	321.973	175.770
A	394	50.526	321.973	175.770
A	394	50.526	321.973	175.770
A	394	50.526	321.973	175.770
A	394	50.526	321.973	175.770
A	394	50.526	321.973	175.770
A	394	50.526	321.973	175.770
A	394	50.526	321.973	175.770
A	394	50.526	321.973	175.770
A	395	50.082	326.826	178.742
A	428	52.974	324.177	182.075
A	429	52.668	322.951	181.261
A	430	52.643	321.844	181.782
A	431	52.388	323.141	179.988
A	947	56.244	326.299	181.232
A	951	59.669	323.880	182.727
A	994	64.958	320.558	180.626
A	994	64.958	320.558	180.626
A	996	65.235	319.273	181.047
A	1002	66.827	324.893	178.073
A	1010	65.841	328.062	175.043
A	1011	66.821	326.995	174.760
A	1013	63.380	327.341	177.185
A	1014	61.996	327.671	177.528
A	1019	59.021	327.507	177.118
A	1019	59.021	327.507	177.118
A	1020	59.011	325.522	178.466
A	1020	59.011	325.522	178.466
A	1020	59.011	325.522	178.466
A	1050	60.658	330.651	175.384
A	1690	72.421	326.737	171.913
A	1690	72.421	326.737	171.913
A	1729	72.496	319.261	176.450
A	1731	71.071	318.929	176.749
A	1760	68.093	319.576	179.021
A	2020	58.549	296.325	222.821
A	2027	60.630	294.425	219.299
A	2028	60.004	293.396	218.388
A	2029	61.050	292.712	217.568
A	2029	61.050	292.712	217.568
A	2047	68.914	297.098	221.645
A	2063	68.152	292.768	211.526
A	2063	68.152	292.768	211.526
A	2063	68.152	292.768	211.526
A	2063	68.152	292.768	211.526
A	2064	67.474	291.467	213.401
A	2065	68.225	291.607	212.256
A	2065	68.225	291.607	212.256
A	2065	68.225	291.607	212.256
A	2067	70.059	296.272	213.082
A	2271	67.954	312.250	175.559
A	2271	67.954	312.250	175.559
A	2272	67.423	312.887	174.673
A	2272	67.423	312.887	174.673
A	2272	67.423	312.887	174.673
A	2272	67.423	312.887	174.673
A	2272	67.423	312.887	174.673
A	2272	67.423	312.887	174.673
A	2272	67.423	312.887	174.673
A	2273	65.826	311.120	176.006
A	2273	65.826	311.120	176.006
A	2274	65.410	312.309	176.686
A	2274	65.410	312.309	176.686
A	2274	65.410	312.309	176.686
A	2275	65.151	309.984	176.607
A	2278	70.774	313.816	174.826
A	2279	71.230	314.803	174.260
A	2279	71.230	314.803	174.260
A	2279	71.230	314.803	174.260
A	2279	71.230	314.803	174.260
A	2279	71.230	314.803	174.260
A	2279	71.230	314.803	174.260
A	2279	71.230	314.803	174.260
A	2282	69.039	315.566	177.629
A	2284	72.288	312.401	173.635
A	2285	73.678	312.239	174.215
A	2286	74.662	312.664	173.615
A	2306	76.600	304.026	177.642
A	2308	77.831	303.612	174.041
A	2309	75.605	302.915	174.818
A	2309	75.605	302.915	174.818
A	2311	79.296	304.293	178.007
A	2315	81.357	303.396	176.867
A	2316	80.796	302.295	176.805
A	2316	80.796	302.295	176.805
A	2316	80.796	302.295	176.805
A	2334	73.770	306.756	174.558
A	2335	72.108	305.168	174.526
A	2335	72.108	305.168	174.526
A	2336	75.715	303.757	180.389
A	2337	75.809	302.454	181.007
A	2340	76.814	301.591	180.272
A	2340	76.814	301.591	180.272
A	2340	76.814	301.591	180.272
A	2391	71.318	299.983	191.883
A	2392	70.580	299.408	192.669
A	2396	71.042	297.634	187.022
A	2396	71.042	297.634	187.022
A	2396	71.042	297.634	187.022
A	2423	72.368	296.056	196.462
A	2424	73.008	296.074	198.885
A	2425	73.751	295.686	195.985
A	2425	73.751	295.686	195.985
A	2449	70.850	295.942	203.405
A	2449	70.850	295.942	203.405
A	2469	64.205	294.472	207.166
A	2470	63.739	293.660	207.962
A	2470	63.739	293.660	207.962
A	2471	64.919	293.326	204.990
A	2471	64.919	293.326	204.990
A	2471	64.919	293.326	204.990
A	2471	64.919	293.326	204.990
A	2474	65.259	293.051	202.528
A	2483	67.462	296.138	208.839
A	2483	67.462	296.138	208.839
A	2501	59.897	292.556	210.747
A	2501	59.897	292.556	210.747
A	2503	59.126	293.494	206.470
A	2504	58.482	294.818	206.546
A	2510	64.062	292.320	211.086
A	2526	58.870	291.889	213.654
A	2527	58.919	290.501	213.999
A	2529	59.784	290.599	216.195
A	2529	59.784	290.599	216.195
A	2530	60.183	289.902	213.460
A	2532	59.266	287.559	213.411
A	2532	59.266	287.559	213.411
A	2533	61.323	287.672	214.139
A	2537	57.738	289.191	217.329
A	2538	57.245	290.325	218.197
A	2538	57.245	290.325	218.197
A	2538	57.245	290.325	218.197
A	2539	57.193	290.191	219.407
A	2539	57.193	290.191	219.407
A	2539	57.193	290.191	219.407
A	2539	57.193	290.191	219.407
A	2539	57.193	290.191	219.407
A	2539	57.193	290.191	219.407
A	2539	57.193	290.191	219.407
A	2539	57.193	290.191	219.407
A	2539	57.193	290.191	219.407
A	2539	57.193	290.191	219.407
A	2543	54.289	291.432	218.558
A	2580	47.844	294.482	211.978
A	2580	47.844	294.482	211.978
A	2582	47.944	295.267	210.850
A	2642	50.967	297.751	209.719
A	2675	53.204	295.649	198.372
A	2675	53.204	295.649	198.372
A	2752	60.624	298.729	186.382
A	2767	67.566	301.262	182.714
A	2770	66.751	300.034	182.402
A	2771	66.856	298.989	183.494
A	2771	66.856	298.989	183.494
A	2771	66.856	298.989	183.494
A	2772	67.850	298.261	183.591
A	2772	67.850	298.261	183.591
A	2772	67.850	298.261	183.591
A	2772	67.850	298.261	183.591
A	2778	70.058	304.233	179.754
A	2779	70.871	303.086	179.632
A	2779	70.871	303.086	179.632
A	2779	70.871	303.086	179.632
A	2780	68.240	302.034	178.460
A	2783	65.453	302.113	176.538
A	2784	68.068	299.992	177.180
A	2784	68.068	299.992	177.180
A	2784	68.068	299.992	177.180
A	2784	68.068	299.992	177.180
A	2785	67.506	299.232	178.227
A	2785	67.506	299.232	178.227
A	2790	63.699	300.128	179.816
A	2793	62.298	298.525	180.978
A	2793	62.298	298.525	180.978
A	2804	62.546	305.987	175.955
A	2805	62.025	307.068	175.729
A	2805	62.025	307.068	175.729
A	2805	62.025	307.068	175.729
A	2805	62.025	307.068	175.729
A	2807	66.096	304.899	175.024
A	2808	64.238	305.696	173.666
A	2808	64.238	305.696	173.666
A	2808	64.238	305.696	173.666
A	2808	64.238	305.696	173.666
A	2811	60.405	304.907	175.882
A	2812	59.533	305.268	177.098
A	2813	58.351	305.569	176.935
A	2815	60.522	302.421	175.713
A	2816	58.445	303.515	175.082
A	2824	57.698	303.250	180.300
A	2824	57.698	303.250	180.300
A	2827	60.028	310.028	179.461
A	2828	59.534	309.962	178.372
A	2828	59.534	309.962	178.372
A	2839	59.188	312.910	178.810
A	2840	59.403	314.350	179.243
A	2840	59.403	314.350	179.243
A	2841	58.410	315.071	179.469
A	2842	60.575	314.807	179.302
A	2842	60.575	314.807	179.302
A	2842	60.575	314.807	179.302
A	3339	49.117	302.346	182.192
A	3341	49.826	303.288	180.128
A	3342	47.659	302.075	182.396
A	3344	48.227	299.963	183.622
A	3346	47.920	298.957	184.538
A	3363	52.853	302.632	177.795
A	3364	53.516	302.487	176.801
A	3364	53.516	302.487	176.801
A	3364	53.516	302.487	176.801
A	3364	53.516	302.487	176.801
A	3365	53.107	301.111	179.781
A	3365	53.107	301.111	179.781
A	3365	53.107	301.111	179.781
A	3367	53.137	299.645	181.765
A	3368	55.254	300.429	180.829
A	3368	55.254	300.429	180.829
A	3368	55.254	300.429	180.829
A	3368	55.254	300.429	180.829
A	3369	51.588	303.034	177.766
A	3370	50.829	303.250	176.551
A	3370	50.829	303.250	176.551
A	3372	50.594	304.939	174.841
A	3372	50.594	304.939	174.841
A	3373	49.333	303.183	176.848
A	3373	49.333	303.183	176.848
A	3373	49.333	303.183	176.848
A	3373	49.333	303.183	176.848
A	3373	49.333	303.183	176.848
A	3393	52.012	311.842	175.921
A	3397	54.214	316.353	179.357
A	3407	51.960	318.563	179.918
A	3408	51.953	319.694	179.425
A	3411	56.656	318.657	182.034
A	3414	59.455	318.638	182.379
A	3417	50.025	317.821	178.663
A	3418	48.746	318.220	179.299
A	3420	49.776	316.512	177.920
A	3421	50.616	316.346	176.669
A	3421	50.616	316.346	176.669
A	3421	50.616	316.346	176.669
A	3422	51.845	316.945	176.566
A	3422	51.845	316.945	176.566
A	3422	51.845	316.945	176.566
A	3422	51.845	316.945	176.566
A	3422	51.845	316.945	176.566
A	3423	50.191	315.542	175.622
A	3423	50.191	315.542	175.622
A	3424	52.637	316.746	175.479
A	3424	52.637	316.746	175.479
A	3424	52.637	316.746	175.479
A	3424	52.637	316.746	175.479
A	3424	52.637	316.746	175.479
A	3424	52.637	316.746	175.479
A	3424	52.637	316.746	175.479
A	3424	52.637	316.746	175.479
A	3425	50.981	315.338	174.510
A	3425	50.981	315.338	174.510
A	3425	50.981	315.338	174.510
A	3425	50.981	315.338	174.510
A	3426	52.205	315.943	174.450
A	3426	52.205	315.943	174.450
A	3426	52.205	315.943	174.450
A	3427	53.039	315.733	173.384
A	3427	53.039	315.733	173.384
A	3427	53.039	315.733	173.384
A	3427	53.039	315.733	173.384
A	3427	53.039	315.733	173.384
A	3427	53.039	315.733	173.384
A	3427	53.039	315.733	173.384
A	3427	53.039	315.733	173.384
A	3428	48.114	319.253	178.773
A	3433	46.437	321.338	177.654
A	3437	46.773	316.227	176.096
A	3439	42.898	317.682	175.401
A	3439	42.898	317.682	175.401
A	3440	42.475	316.598	175.818
A	3440	42.475	316.598	175.818
A	3441	42.256	318.365	174.588
A	3441	42.256	318.365	174.588
A	3441	42.256	318.365	174.588
A	3442	44.800	315.202	175.934
A	3443	45.371	313.981	175.399
A	3444	44.517	313.284	174.334
A	3445	43.317	313.512	174.239
A	3445	43.317	313.512	174.239
A	3445	43.317	313.512	174.239
A	3454	45.146	312.457	173.497
A	3458	45.567	310.765	171.996
A	3459	46.719	311.633	172.002
A	3459	46.719	311.633	172.002
A	3459	46.719	311.633	172.002
A	3459	46.719	311.633	172.002
A	3459	46.719	311.633	172.002
A	3460	46.600	312.392	173.305
A	3460	46.600	312.392	173.305
A	3466	39.428	311.182	171.330
A	3467	39.845	312.259	171.786
A	3467	39.845	312.259	171.786
A	3467	39.845	312.259	171.786
A	3467	39.845	312.259	171.786
A	3467	39.845	312.259	171.786
A	3472	42.533	305.519	176.001
A	3472	42.533	305.519	176.001
A	3472	42.533	305.519	176.001
A	3473	43.465	305.851	173.083
A	3473	43.465	305.851	173.083
A	3473	43.465	305.851	173.083
A	3473	43.465	305.851	173.083
A	3473	43.465	305.851	173.083
A	3473	43.465	305.851	173.083
A	3482	47.907	306.774	175.766
A	3484	48.423	307.698	174.861
A	3485	49.564	307.366	174.175
A	3499	38.217	302.250	181.365
A	3499	38.217	302.250	181.365
A	3507	44.638	303.613	180.997
A	3509	44.388	302.272	180.843
A	3509	44.388	302.272	180.843
A	3509	44.388	302.272	180.843
A	3509	44.388	302.272	180.843
A	3509	44.388	302.272	180.843
A	3510	43.520	301.875	181.812
A	3512	42.981	300.622	182.063
B	5160	40.880	316.620	173.382
B	5160	40.880	316.620	173.382
B	5677	49.978	325.312	174.706
B	5678	51.033	328.171	174.576
B	5678	51.033	328.171	174.576
B	5679	51.823	329.283	174.944
B	5677	49.978	325.312	174.706
B	5677	49.978	325.312	174.706
B	5673	53.406	324.840	175.644
B	5676	51.041	325.767	174.378
B	5677	49.978	325.312	174.706
B	5677	49.978	325.312	174.706
B	5698	51.235	320.157	173.855
B	5703	49.410	319.539	175.807
B	5703	49.410	319.539	175.807
B	5677	49.978	325.312	174.706
B	5682	51.909	322.946	172.503
B	5688	52.510	322.659	173.642
B	5689	53.305	321.470	173.831
B	5690	52.527	320.188	173.542
B	5692	53.830	321.505	175.277
B	5698	51.235	320.157	173.855
B	5699	50.418	318.937	173.668
B	5702	49.160	318.979	174.547
B	5703	49.410	319.539	175.807
B	5675	51.620	326.902	175.155
B	5663	56.231	322.649	180.610
B	5663	56.231	322.649	180.610
B	5663	56.231	322.649	180.610
B	5663	56.231	322.649	180.610
B	5663	56.231	322.649	180.610
B	5662	58.794	321.362	179.829
B	5365	65.496	321.510	177.067
B	5655	61.910	319.074	179.114
B	5655	61.910	319.074	179.114
B	5365	65.496	321.510	177.067
B	5347	65.353	326.822	171.386
B	5347	65.353	326.822	171.386
B	5357	61.721	327.488	173.670
B	5357	61.721	327.488	173.670
B	5666	57.092	324.859	174.983
B	5670	56.153	325.080	175.896
B	5659	59.545	322.206	176.930
B	5665	57.959	323.665	175.136
B	5670	56.153	325.080	175.896
B	5357	61.721	327.488	173.670
B	5481	70.671	323.889	169.761
B	5482	71.283	323.758	170.815
B	5499	74.766	317.833	173.712
B	5478	69.550	317.856	173.692
B	5365	65.496	321.510	177.067
B	4452	58.046	292.446	222.458
B	4449	62.173	293.138	222.724
B	4439	60.707	289.872	220.007
B	4439	60.707	289.872	220.007
B	4473	62.617	289.236	217.223
B	4465	68.109	293.967	222.474
B	4485	71.744	291.022	211.315
B	4520	70.856	294.520	209.503
B	4547	67.487	292.252	208.060
B	4549	66.443	291.408	208.290
B	4477	70.298	289.548	214.238
B	4477	70.298	289.548	214.238
B	4483	71.660	291.899	213.556
B	4485	71.744	291.022	211.315
B	4486	72.131	293.339	213.783
B	5463	65.377	315.199	175.072
B	5465	65.760	315.494	176.202
B	5453	65.210	313.248	171.388
B	5458	65.909	313.898	172.289
B	5459	65.630	315.277	172.509
B	5462	66.180	315.755	173.873
B	5463	65.377	315.199	175.072
B	5464	64.387	314.458	174.906
B	5465	65.760	315.494	176.202
B	5445	65.117	309.405	172.484
B	5464	64.387	314.458	174.906
B	5463	65.377	315.199	175.072
B	5464	64.387	314.458	174.906
B	5465	65.760	315.494	176.202
B	5447	62.224	310.266	174.071
B	5516	69.808	315.138	171.287
B	5478	69.550	317.856	173.692
B	5497	73.426	316.588	172.334
B	5498	74.405	316.656	173.228
B	5500	75.036	315.565	173.615
B	5514	70.728	314.701	170.449
B	5515	71.926	314.775	170.690
B	5516	69.808	315.138	171.287
B	5465	65.760	315.494	176.202
B	5515	71.926	314.775	170.690
B	5500	75.036	315.565	173.615
B	5500	75.036	315.565	173.615
B	4693	73.604	301.511	178.138
B	4703	78.549	300.082	175.343
B	4689	72.624	300.751	173.649
B	4691	72.786	301.398	176.869
B	4705	78.968	300.790	177.548
B	4705	78.968	300.790	177.548
B	4703	78.549	300.082	175.343
B	4704	78.218	300.085	176.668
B	4705	78.968	300.790	177.548
B	4734	73.608	304.919	171.017
B	4692	71.739	302.495	176.789
B	4734	73.608	304.919	171.017
B	4693	73.604	301.511	178.138
B	4693	73.604	301.511	178.138
B	4693	73.604	301.511	178.138
B	4702	77.135	299.384	177.130
B	4705	78.968	300.790	177.548
B	4607	71.148	296.197	192.712
B	4607	71.148	296.197	192.712
B	4604	71.148	293.722	187.827
B	4634	71.553	294.866	184.376
B	4637	72.654	295.222	185.345
B	4607	71.148	296.197	192.712
B	4556	74.722	293.212	200.894
B	4581	72.897	292.128	194.429
B	4584	74.217	291.963	195.155
B	4539	69.749	292.668	201.565
B	4555	73.299	293.477	202.753
B	4549	66.443	291.408	208.290
B	4548	66.001	290.512	207.319
B	4549	66.443	291.408	208.290
B	4543	67.678	291.296	205.822
B	4545	68.101	292.186	206.824
B	4546	66.602	290.444	206.089
B	4548	66.001	290.512	207.319
B	4540	68.266	290.971	203.312
B	4520	70.856	294.520	209.503
B	4547	67.487	292.252	208.060
B	4387	56.811	290.537	209.717
B	4388	57.965	289.552	210.564
B	4358	58.425	289.587	206.105
B	4365	55.113	294.241	205.335
B	4549	66.443	291.408	208.290
B	4388	57.965	289.552	210.564
B	4388	57.965	289.552	210.564
B	4439	60.707	289.872	220.007
B	4473	62.617	289.236	217.223
B	4388	57.965	289.552	210.564
B	4388	57.965	289.552	210.564
B	4389	57.808	288.009	209.815
B	4473	62.617	289.236	217.223
B	4436	58.354	288.227	220.960
B	4430	56.011	287.734	220.909
B	4436	58.354	288.227	220.960
B	4439	60.707	289.872	220.007
B	4430	56.011	287.734	220.909
B	4431	57.427	287.314	221.210
B	4433	55.541	288.642	222.024
B	4435	54.146	289.158	221.781
B	4436	58.354	288.227	220.960
B	4437	59.788	288.053	221.182
B	4438	60.264	289.468	221.053
B	4439	60.707	289.872	220.007
B	4446	60.065	290.234	222.117
B	4452	58.046	292.446	222.458
B	4435	54.146	289.158	221.781
B	4394	50.669	292.147	210.975
B	4396	50.833	294.086	209.429
B	4396	50.833	294.086	209.429
B	4396	50.833	294.086	209.429
B	4308	55.091	292.610	197.549
B	4336	52.633	292.086	200.057
B	4246	62.416	295.553	185.412
B	4658	69.248	298.066	181.157
B	4658	69.248	298.066	181.157
B	4210	65.323	296.632	180.827
B	4211	66.158	295.880	181.628
B	4658	69.248	298.066	181.157
B	4211	66.158	295.880	181.628
B	4631	67.233	295.255	185.584
B	4657	69.496	296.694	181.358
B	4658	69.248	298.066	181.157
B	4692	71.739	302.495	176.789
B	4691	72.786	301.398	176.869
B	4692	71.739	302.495	176.789
B	4693	73.604	301.511	178.138
B	4692	71.739	302.495	176.789
B	4181	63.105	299.892	174.219
B	4656	70.601	297.371	178.332
B	4684	67.813	297.107	174.424
B	4686	71.080	298.224	175.519
B	4687	71.520	299.616	175.454
B	4656	70.601	297.371	178.332
B	4658	69.248	298.066	181.157
B	4210	65.323	296.632	180.827
B	4208	64.697	296.033	179.740
B	4210	65.323	296.632	180.827
B	5450	59.897	308.635	175.509
B	5446	62.235	309.037	173.232
B	5447	62.224	310.266	174.071
B	5449	60.231	310.070	175.599
B	5450	59.897	308.635	175.509
B	4721	67.994	303.019	172.798
B	5433	63.315	303.610	170.572
B	5442	63.000	308.050	171.081
B	5445	65.117	309.405	172.484
B	5446	62.235	309.037	173.232
B	5450	59.897	308.635	175.509
B	5450	59.897	308.635	175.509
B	5450	59.897	308.635	175.509
B	4181	63.105	299.892	174.219
B	4096	57.034	300.925	177.369
B	4096	57.034	300.925	177.369
B	4098	57.698	300.046	178.198
B	5449	60.231	310.070	175.599
B	5449	60.231	310.070	175.599
B	5450	59.897	308.635	175.509
B	5644	59.952	315.022	176.101
B	5643	59.029	315.545	175.504
B	5644	59.952	315.022	176.101
B	5644	59.952	315.022	176.101
B	5644	59.952	315.022	176.101
B	5653	62.078	318.269	178.188
B	5654	62.337	317.062	178.424
B	4079	49.861	299.307	180.389
B	4079	49.861	299.307	180.389
B	4070	46.227	300.892	179.227
B	4079	49.861	299.307	180.389
B	4081	46.215	297.030	181.509
B	4087	50.995	299.777	176.910
B	4087	50.995	299.777	176.910
B	4089	53.364	299.115	175.664
B	4094	56.058	300.459	176.496
B	4096	57.034	300.925	177.369
B	4079	49.861	299.307	180.389
B	4086	51.595	298.766	177.285
B	4087	50.995	299.777	176.910
B	4079	49.861	299.307	180.389
B	4096	57.034	300.925	177.369
B	4097	57.389	298.719	178.157
B	4098	57.698	300.046	178.198
B	4221	57.186	297.309	182.190
B	4087	50.995	299.777	176.910
B	4075	49.601	300.265	174.334
B	4087	50.995	299.777	176.910
B	4039	47.663	304.550	172.843
B	4107	51.564	304.666	171.494
B	4072	47.557	299.860	175.536
B	4073	48.331	300.594	174.496
B	4074	47.800	301.472	173.860
B	4075	49.601	300.265	174.334
B	4087	50.995	299.777	176.910
B	5633	50.292	311.723	172.453
B	5697	54.922	318.351	176.758
B	5695	54.110	319.460	176.807
B	5695	54.110	319.460	176.807
B	5660	57.495	321.063	179.100
B	5662	58.794	321.362	179.829
B	5703	49.410	319.539	175.807
B	5703	49.410	319.539	175.807
B	5703	49.410	319.539	175.807
B	5699	50.418	318.937	173.668
B	5702	49.160	318.979	174.547
B	5703	49.410	319.539	175.807
B	5695	54.110	319.460	176.807
B	5697	54.922	318.351	176.758
B	5699	50.418	318.937	173.668
B	5702	49.160	318.979	174.547
B	5703	49.410	319.539	175.807
B	5699	50.418	318.937	173.668
B	5702	49.160	318.979	174.547
B	5638	55.695	315.835	173.821
B	5690	52.527	320.188	173.542
B	5691	53.082	319.248	172.990
B	5693	54.449	320.231	175.745
B	5695	54.110	319.460	176.807
B	5696	55.711	318.497	175.692
B	5697	54.922	318.351	176.758
B	5699	50.418	318.937	173.668
B	5632	50.546	312.679	171.747
B	5634	49.840	313.773	171.773
B	5699	50.418	318.937	173.668
B	5701	49.358	317.725	171.903
B	5638	55.695	315.835	173.821
B	5691	53.082	319.248	172.990
B	5699	50.418	318.937	173.668
B	5627	54.077	313.368	170.371
B	5628	55.280	314.083	170.973
B	5630	52.897	313.364	171.328
B	5635	55.293	315.409	170.969
B	5636	56.441	316.128	171.542
B	5637	56.604	315.690	173.007
B	5638	55.695	315.835	173.821
B	5691	53.082	319.248	172.990
B	5703	49.410	319.539	175.807
B	5703	49.410	319.539	175.807
B	5702	49.160	318.979	174.547
B	5160	40.880	316.620	173.382
B	5167	44.614	316.179	172.388
B	5158	40.543	315.712	172.497
B	5160	40.880	316.620	173.382
B	5158	40.543	315.712	172.497
B	5160	40.880	316.620	173.382
B	5167	44.614	316.179	172.388
B	5167	44.614	316.179	172.388
B	5167	44.614	316.179	172.388
B	5167	44.614	316.179	172.388
B	5158	40.543	315.712	172.497
B	5159	40.737	314.436	172.774
B	5167	44.614	316.179	172.388
B	5167	44.614	316.179	172.388
B	5175	46.684	309.570	168.474
B	5174	47.244	310.948	168.296
B	5176	48.680	310.972	168.675
B	5632	50.546	312.679	171.747
B	5633	50.292	311.723	172.453
B	5634	49.840	313.773	171.773
B	5633	50.292	311.723	172.453
B	5634	49.840	313.773	171.773
B	5159	40.737	314.436	172.774
B	5154	41.098	313.950	168.689
B	5156	39.655	315.216	170.249
B	5157	40.039	316.106	171.333
B	5158	40.543	315.712	172.497
B	5159	40.737	314.436	172.774
B	4043	44.009	302.383	174.281
B	4053	41.341	302.662	174.622
B	4059	41.703	301.855	176.900
B	4037	45.968	303.460	171.455
B	4038	45.341	304.308	170.831
B	4041	43.971	302.181	171.916
B	4042	43.318	302.359	173.272
B	4043	44.009	302.383	174.281
B	4052	41.981	302.484	173.322
B	4039	47.663	304.550	172.843
B	4039	47.663	304.550	172.843
B	4039	47.663	304.550	172.843
B	4064	39.577	300.589	178.878
B	4065	38.229	299.406	178.880
B	4070	46.227	300.892	179.227
B	4060	41.953	300.914	178.001
B	4061	43.206	300.094	177.852
B	4067	44.236	300.683	177.267
B	4069	46.238	299.933	178.453
B	4070	46.227	300.892	179.227
B	4070	46.227	300.892	179.227
B	4082	45.146	298.035	181.362
B	5653	62.078	318.269	178.188
B	5654	62.337	317.062	178.424
B	5655	61.910	319.074	179.114
B	4574	69.424	291.874	195.971
B	4576	70.233	292.511	193.838
B	4577	69.263	293.043	196.936
B	4599	66.627	291.190	191.367
B	4303	61.178	293.261	196.124
