3363	3369	433	434	1.32765582889542
3418	3428	440	441	1.32029882981086
3444	3454	443	444	1.33421849784808
2029	2529	264	328	2.8200450351014
2278	2284	295	296	2.39016777653785
2306	2311	299	300	2.73366603666214
2306	2336	299	303	2.89855049981884
2529	2537	328	329	2.73029961725816
2804	2811	365	366	2.39908524233719
3341	3369	430	434	2.95773629656195
3372	3485	434	447	2.71933539674675
3407	3417	439	440	2.42276990240508
3433	393	441	51	2.5406774687079
3437	3442	442	443	2.22925951831544
383	387	50	51	2.93054773037397
387	395	51	52	2.79301360540903
1002	1011	130	131	3.92357095004031
1010	1013	131	132	3.34133596036076
1014	1050	132	137	3.90734948526493
1020	947	132	123	3.98883115711858
1731	1760	229	232	3.80119415447304
1760	994	232	129	3.6563060593993
2271	2278	294	295	3.30787620687352
2470	2510	321	325	3.41457244761335
2501	2526	324	328	3.15440438117878
2538	2543	329	330	3.17705933214978
2778	2780	361	362	3.13291573458337
2783	2807	362	365	3.23534248573471
2824	3368	367	433	3.7697503896147
2827	2839	368	369	3.07169741348331
3341	3363	430	433	3.87762220955059
3342	3507	430	450	3.66729955144108
3393	3425	437	440	3.90843933047454
3397	3407	438	439	3.20614051469986
3397	3422	438	440	3.70841017148858
3407	430	439	55	3.83483324278906
3408	3428	439	441	3.91886539702502
3420	3437	440	442	3.52508297774676
3439	348	442	45	3.56408319207058
384	395	50	52	3.76140093582165
388	431	51	55	3.68750823727893
428	947	55	123	3.9882869756325
1002	1013	130	132	4.32007604099744
1020	951	132	124	4.61359393531767
1731	2279	229	295	4.82123200022565
1760	2282	232	295	4.34887111788799
2020	2027	263	264	4.5105481928475
2028	2537	264	329	4.89267431983781
2063	2067	268	269	4.28203234457659
2063	2483	268	322	4.36497067573198
2063	2510	268	325	4.13792266723292
2067	2483	269	322	4.97648610969627
2271	2284	294	296	4.74427370626949
2275	2804	294	365	4.81530248271068
2306	2334	299	302	4.99728486280298
2311	2336	300	303	4.33414132210754
2336	2779	303	361	4.94849734768041
2396	2772	310	360	4.72797567675638
2469	2483	321	322	4.02275204306704
2470	2501	321	324	4.87196110411405
2501	2510	324	325	4.18543211628142
2582	2642	334	342	4.07283021988394
2767	2778	360	361	4.87837114209242
2767	2780	360	362	4.37570291496119
2767	2790	360	363	4.96367293443072
2783	2790	362	363	4.21450174991066
2805	2828	365	368	4.6438955629945
2812	2824	366	367	4.20622788255699
2812	2828	366	368	4.86381671118476
2841	3397	369	438	4.38890464694779
2841	3411	369	439	4.74501180188202
3408	391	439	51	4.7526087573037
3417	393	440	51	4.6724565273526
3428	3437	441	442	4.25691038195544
3437	3454	442	444	4.85950923448035
3445	3467	443	445	4.43192982796434
395	431	52	55	4.52209873841782
947	951	123	124	4.45165261447925
1002	1760	130	232	5.54724697485153
1002	994	130	129	5.36686081429357
1010	1050	131	137	5.8036790917486
2063	2470	268	321	5.74215369003654
2275	2827	294	368	5.86450176911902
2284	2334	296	302	5.9088305103464
2335	2778	302	361	5.69286474457279
2392	2423	310	314	5.36839799195254
2424	2449	314	318	5.0104678424275
2483	2510	322	325	5.58445458393208
2510	2526	325	328	5.80837748428939
2752	2793	357	363	5.66101651649242
2783	2811	362	366	5.80681289521196
2790	2815	363	366	5.67325188934883
2813	3364	366	433	5.7353208279921
3341	3482	430	447	5.9043882833025
3393	3484	437	447	5.58365982130001
3414	951	439	124	5.25789539644906
3414	996	439	129	5.96538758170834
3417	430	440	55	5.72421295900142
3420	3442	440	443	5.51551194360052
3423	3460	440	444	5.30907430725921
3428	3442	441	443	5.95425209409208
3428	431	441	55	5.90422264146604
3442	348	443	45	5.71510647319889
3454	3467	444	445	5.57380713695765
3454	3484	444	447	5.93694416345649
3458	3473	444	446	5.45411486861066
3472	3482	446	447	5.52359719747919
3472	3507	446	450	5.74664049684684
3499	3510	449	450	5.33500168697256
1011	1690	131	222	6.28744566576921
2028	2543	264	330	6.04544630279684
2029	2501	264	324	6.91952209332407
2274	2839	294	369	6.60195887597006
2275	2811	294	366	6.98756538430947
2282	996	295	129	6.3162480160298
2306	2778	299	361	6.87758365997825
2311	2334	300	302	6.9640969263789
2334	2336	302	303	6.83941422930356
2335	2780	302	362	6.34505602812143
2335	2807	302	365	6.03858501637594
2449	2471	318	321	6.67326321974489
2449	2483	318	322	6.40666184529821
2526	2543	328	330	6.72633823116262
2752	2771	357	360	6.87357025133227
2778	2807	361	365	6.20595681583428
2790	2824	363	367	6.78182431208595
2824	3369	367	434	6.61815019472965
2842	996	369	129	6.68623818002321
3363	3482	433	447	6.76283379952517
3373	3507	434	450	6.28029664904454
3393	3397	437	438	6.08309304548272
3393	3437	437	442	6.83417668779495
3393	3443	437	443	6.99647668473211
3393	3459	437	444	6.58924054804496
3397	3428	438	441	6.77945838544643
3397	430	438	55	6.20481643564094
3407	3437	439	442	6.85343337313496
3433	383	441	50	6.24068377663857
3433	395	441	52	6.6774181387719
3437	393	442	51	6.24873771253046
3440	3467	442	445	6.48080589124532
3444	3484	443	447	6.83651673003147
3466	3473	445	446	6.91302676112281
3467	348	445	45	6.7320218359717
3482	3507	447	450	6.93120790338886
395	947	52	123	6.66693880277898
428	951	55	124	6.73322641829309
951	994	124	129	6.58964384470056
1002	1731	130	229	7.43866977355495
1013	994	132	129	7.76786032315207
1020	3414	132	439	7.93083608454998
1020	428	132	55	7.16095489442573
1729	2284	229	296	7.4180246022779
1731	2271	229	294	7.4659781676616
1731	994	229	129	7.41980720773796
2020	2538	263	329	7.68646810960665
2020	2543	263	330	7.76287433880001
2029	2064	264	268	7.75768586628771
2029	2510	264	325	7.15836098558881
2064	2530	268	328	7.45730427165206
2067	2510	269	325	7.4542825945895
2275	2783	294	362	7.87709375340929
2278	2334	295	302	7.67407584012564
2336	2780	303	362	7.90982901205836
2470	2526	321	328	7.69691275772307
2501	2537	324	329	7.70111874989602
2752	3368	357	433	7.90965922148356
2778	2790	361	363	7.56913139006057
2790	2804	363	365	7.11087976272981
2793	3368	363	433	7.29831165407453
2804	2824	365	367	7.06210294459095
2805	2839	365	369	7.18819128849535
2812	2839	366	369	7.83901352212131
2813	3369	366	434	7.27014133287655
2824	2827	367	368	7.21623897885874
2824	3341	367	430	7.87397053588595
2839	3393	369	437	7.80909220076189
2841	3422	369	440	7.41879437644688
3372	3393	434	437	7.12941322971249
3372	3473	434	446	7.39898297065211
3393	3407	437	439	7.81988196841872
3397	392	438	51	7.9695035604484
3408	395	439	52	7.40490067455331
3411	947	439	123	7.69500565301936
3433	349	441	45	7.93194641938535
3444	3473	443	446	7.61059747983034
3454	348	444	45	7.93173234545896
3472	3499	446	449	7.62146396698168
383	431	50	55	7.80745963806409
388	947	51	123	7.6462843917814
1002	1050	130	137	8.85674014522276
1002	1690	130	222	8.52283825964099
1002	951	130	124	8.59783978683017
1011	1760	131	232	8.64960496207773
1011	994	131	129	8.90593588568884
1020	391	132	51	8.79053599048432
1050	947	137	123	8.52187796204572
1690	1729	222	229	8.7453170325609
1760	2271	232	294	8.10401388202169
1760	2842	232	369	8.90744890527025
2020	2529	263	328	8.84399101085025
2047	2067	266	269	8.67860991173127
2063	2501	268	324	8.2943842447767
2067	2469	269	321	8.51518478953921
2271	2334	294	302	8.06299528711262
2273	2778	294	361	8.90999983164983
2274	996	294	129	8.21865207926457
2282	2842	295	369	8.66107995575609
2306	2780	299	362	8.63288989852182
2311	2779	300	361	8.66476191248208
2336	2767	303	360	8.83384689702057
2483	2501	322	324	8.58489446644512
2504	2642	324	342	8.66865866209992
2752	2824	357	367	8.12352392745907
2767	2807	360	365	8.63277296122167
2783	2824	362	367	8.69398861282898
2813	3393	366	437	8.9756139622869
2827	3393	368	437	8.9486564354656
2827	3397	368	438	8.5918005679834
3341	3472	430	446	8.67163992564266
3363	3507	433	450	8.87138038864303
3372	3458	434	444	8.20408617702176
3393	3428	437	441	8.8459724733915
3397	3437	438	442	8.12517556733391
3407	3442	439	443	8.8563071875359
3418	395	440	52	8.72687693278643
3423	3484	440	447	8.0767122642818
3428	3460	441	444	8.90306357384916
3437	3484	442	447	8.77448380248092
3442	392	443	51	8.93033644383009
1002	2282	130	295	9.59598921424988
1011	1729	131	229	9.74045589282143
1013	1760	132	232	9.26706479960077
1019	395	132	52	9.11080995301735
1760	2284	232	296	9.90392073877816
1760	3414	232	439	9.31509806711664
2027	2047	264	266	9.0151706029337
2063	2449	268	318	9.12710912611438
2067	2449	269	318	9.71488085361832
2284	2807	296	365	9.82599557296868
2285	2306	296	299	9.36673806615726
2309	2807	299	365	9.71595455938324
2337	2396	303	310	9.06294179612777
2396	2778	310	361	9.86604687805607
2396	2785	310	362	9.61295610101283
2423	2474	314	321	9.81653003866437
2501	2543	324	330	9.68115494143129
2504	2675	324	346	9.76535309141455
2510	2537	325	329	9.42118177300491
2543	2580	330	334	9.70241851292758
2767	2815	360	366	9.99876082322205
2770	2824	360	367	9.83452434030238
2804	3364	365	433	9.72145133197713
2813	3341	366	430	9.38476611322839
2813	3485	366	447	9.38393190512377
2824	2839	367	369	9.88715328089944
2827	3411	368	439	9.61511071179106
2828	3363	368	433	9.93466607390504
2841	429	369	55	9.91343674010178
2841	951	369	124	9.47618731347157
3341	3393	430	437	9.77999800613474
3342	3499	430	449	9.4997342068081
3363	3393	433	437	9.43627346996682
3397	3443	438	443	9.97450735625575
3397	951	438	124	9.88785386218869
3408	383	439	50	9.62857170093259
3418	348	440	45	9.79470025064576
3418	383	440	50	9.80205305025431
3437	430	442	55	9.91656114789801
1002	3414	130	439	10.5836215446321
1010	951	131	124	10.7063795934947
1013	1690	132	222	10.4832476361097
1020	2841	132	369	10.5162070633855
1020	3397	132	438	10.3863203782668
1050	951	137	124	10.0371415751697
1690	1760	222	232	10.978850987239
1760	951	232	124	10.1598537391047
2020	2047	263	266	10.4601018159481
2029	2067	264	269	10.6751991550509
2029	2470	264	321	10.0202126224946
2047	2064	266	268	10.0868873791671
2064	2537	268	329	10.7423952636272
2274	3414	294	439	10.3888649524382
2275	2767	294	360	10.9179191240822
2275	2790	294	363	10.4664569458819
2275	2824	294	367	10.7019724350234
2278	2778	295	361	10.7996170765449
2278	2807	295	365	10.0715330014849
2282	2827	295	368	10.7342344393999
2284	2778	296	361	10.4465920280252
2285	2311	296	300	10.4441420901862
2285	2336	296	303	10.687
2306	2767	299	360	10.7227811690811
2335	2767	302	360	10.145439566623
2396	2752	310	357	10.4949201521498
2396	2790	310	363	10.5861287069448
2449	2510	318	325	10.8716874955087
2483	2526	322	328	10.7266346073687
2526	2642	328	342	10.5973901504097
2752	2785	357	362	10.6826475182887
2778	2811	361	366	10.4224310503836
2783	2827	362	368	10.031040773519
2790	2827	363	368	10.5646706526991
2824	3485	367	447	10.9826698484476
2827	3424	368	440	10.7524289813976
2827	996	368	129	10.7283861787316
2828	3369	368	434	10.5595140039682
3363	3472	433	446	10.8653396173336
3372	3423	434	440	10.6393598961591
3372	3443	434	443	10.4570003825189
3393	3473	437	446	10.816539834901
3393	392	437	51	10.8922505479814
3397	3460	438	444	10.5018675005925
3397	947	438	123	10.3227632444031
3407	3460	439	444	10.5139245764843
3417	947	440	123	10.8236872645138
3439	383	442	50	10.520700166814
3454	393	444	51	10.87967743088
3466	3482	445	447	10.5357487156822
348	393	45	51	10.5288862183994
383	947	50	123	10.5609985323359
391	951	51	124	10.6399818608868
395	951	52	124	10.79211332409
947	994	123	129	10.4527562393849
1002	2842	130	369	11.9300184828021
1002	947	130	123	11.1335531615024
1010	947	131	123	11.5548387699699
1011	2282	131	295	11.9905265105416
1013	1731	132	229	11.4062842766608
1019	383	132	50	11.8991012685833
1020	3417	132	440	11.8360637882701
1050	395	137	52	11.7370594699013
1731	2842	229	369	11.5617779342106
2029	2483	264	322	11.3598706418691
2067	2501	269	324	11.0691971253565
2067	2530	269	328	11.7581954397773
2278	2306	295	299	11.7352559409669
2282	3414	295	439	11.1289145921783
2311	2780	300	362	11.293512562529
2335	2790	302	363	11.1398824500082
2335	2811	302	366	11.7841871166407
2336	2807	303	365	11.0730551339727
2392	2449	310	318	11.2848461221232
2424	2483	314	322	11.3949255372732
2470	2537	321	329	11.9885216352977
2504	2580	324	334	11.9493332031541
2526	2580	328	334	11.4501223137572
2543	2642	330	342	11.3619261571267
2642	2675	342	346	11.7548705650041
2752	2812	357	366	11.4079559080494
2770	3368	360	433	11.6108295569266
2778	2827	361	368	11.5874403558336
2783	3364	362	433	11.9457529691518
2804	3369	365	434	11.4925059930374
2805	3393	365	437	11.0945080557905
2813	3397	366	438	11.8015045227293
2824	3393	367	437	11.1950301920093
2828	3341	368	430	11.9109645285342
2828	3484	368	447	11.8704312474316
2841	3428	369	441	11.134682572934
2841	391	369	51	11.9197290237656
2841	947	369	123	11.570121390893
3341	3458	430	444	11.8395115608711
3372	3437	434	442	11.983071809849
3393	430	437	55	11.6098874240882
3397	3484	438	447	11.3427828155176
3397	395	438	52	11.2754324972482
3397	994	438	129	11.607149607031
3423	3467	440	445	11.512284786262
3428	947	441	123	11.0358369415283
3437	3472	442	446	11.517286529387
3437	395	442	52	11.414446898558
3442	430	443	55	11.8248854962744
3443	3507	443	450	11.8055206153731
3454	3507	444	450	11.607084043807
349	383	45	50	11.7916249092312
1002	2271	130	294	12.9396976007942
1020	3428	132	441	12.5753417050989
1050	1690	137	222	12.8738263931125
1050	386	137	50	12.5148373541169
1050	391	137	51	12.476096384687
1050	428	137	55	12.0717029867372
1050	994	137	129	12.1588327153556
1690	2279	222	295	12.2207710886016
1729	2334	229	302	12.711324281915
1731	3414	229	439	12.9117402777472
1760	2827	232	368	12.5060836795537
2020	2501	263	324	12.720217804739
2047	2483	266	322	12.9237587411713
2047	2510	266	325	12.5643809636607
2047	2529	266	328	12.4617976632587
2271	2306	294	299	12.1130665398981
2271	2336	294	303	12.4777029135975
2274	3397	294	438	12.1999423359293
2278	2336	295	303	12.5117517158869
2278	2780	295	362	12.5873998903665
2284	2780	296	362	12.1301944749456
2284	996	296	129	12.3250532250372
2306	2396	299	310	12.6385690645737
2311	2767	300	360	12.9975270724858
2336	2790	303	363	12.5651194184536
2392	2474	310	321	12.8811634179526
2449	2503	318	324	12.3628113712052
2510	2543	325	330	12.334133816365
2537	2580	329	334	12.4305719096106
2538	2642	329	342	12.9009784125081
2752	2778	357	361	12.7759444269299
2752	2804	357	365	12.8489290215177
2752	3339	357	430	12.7690969923484
2767	2827	360	368	12.0102543270324
2778	2824	361	367	12.4110436708602
2783	2839	362	369	12.688081730506
2790	3369	363	434	12.6223475233413
2805	3397	365	438	12.6643329867783
2805	3427	365	440	12.7015528971855
2805	3485	365	447	12.5610605045912
2812	3427	366	440	12.8639829368668
2839	3363	369	433	12.1160940075587
2839	3369	369	434	12.5054113087095
2839	3484	369	447	12.5954265509351
2841	3437	369	442	12.1709997124312
3341	3443	430	443	12.5120228180738
3363	3458	433	444	12.3636518068085
3372	3397	434	438	12.7975799274706
3373	3499	434	449	12.0349172826405
3393	3467	437	445	12.8572159894745
3393	3507	437	450	12.1596913200953
3407	3484	439	447	12.4952728261531
3417	951	440	124	12.0927380274278
3423	3472	440	446	12.619395151908
3428	3467	441	445	12.8883888054326
3428	3482	441	447	12.8378479115465
3442	383	443	50	12.3079742037429
3482	3499	447	449	12.0711009025689
428	994	55	129	12.6021037132695
1010	3414	131	439	13.5428825587465
1013	2282	132	295	13.0718033185938
1050	1760	137	232	13.8261570582718
1050	3414	137	439	13.9531144552032
1690	994	222	129	13.0304558247208
1731	951	229	124	13.7932769492967
1760	947	232	123	13.8016684136375
2020	2064	263	268	13.8561246024998
2020	2510	263	325	13.5699454309883
2028	2580	264	334	13.7888758062432
2028	2642	264	342	13.2583918708115
2047	2538	266	329	13.9257959916121
2063	2424	268	314	13.9393419141651
2273	3393	294	437	13.8331162432765
2273	3427	294	440	13.8442053581995
2275	3364	294	433	13.8425384232806
2278	2311	295	300	13.1693118271229
2278	2811	295	366	13.7113667444205
2282	951	295	124	13.5243890804724
2284	2827	296	368	13.7797316737301
2284	2842	296	369	13.2324636406075
2306	2790	299	363	13.6512446685275
2311	2396	300	310	13.9190884040586
2311	2807	300	365	13.5464211140803
2335	2827	302	368	13.9248061027793
2423	2772	314	360	13.8179951512511
2469	2642	321	342	13.8749520359531
2471	2675	321	346	13.6541377611331
2582	2675	334	346	13.5467342189917
2752	2827	357	368	13.2635914442507
2752	3369	357	434	13.2067322604799
2778	2839	361	369	13.9405295810454
2783	3369	362	434	13.9497114665501
2790	2839	363	369	13.5919344097888
2793	3339	363	430	13.7772492900434
2804	3341	365	430	13.6563878825991
2805	3414	365	439	13.5901545245078
2805	996	365	129	13.6947891184932
2824	3397	367	438	13.5910306452454
2824	3507	367	450	13.0836225106046
2839	3341	369	430	13.4895163738364
2839	3460	369	444	13.7488578798386
2841	3443	369	443	13.7028654302668
3341	3397	430	438	13.8037389862312
3341	3420	430	440	13.4071600273883
3341	3437	430	442	13.8922839734868
3363	3397	433	438	13.8765271591995
3363	3421	433	440	13.9407977174909
3363	3443	433	443	13.8029323333848
3372	3466	434	445	13.2658104162543
3397	383	438	50	13.4431211033748
3407	348	439	45	13.06714731684
3424	994	440	129	13.8863239916113
3428	951	441	124	13.05991079602
3437	3507	442	450	13.7000372992193
3442	395	443	52	13.0729401436708
3460	431	444	55	13.9177740317912
3466	3499	445	449	13.4888238923933
3466	3507	445	450	13.3373441884057
349	395	45	52	13.9253421142894
1002	2284	130	296	14.3376577236311
1002	428	130	55	14.4372528203949
1010	2842	131	369	14.8850549881416
1011	2271	131	294	14.8100342673473
1020	2274	132	294	14.788474228263
1690	2272	222	294	14.980657662466
1690	2284	222	296	14.4396630500854
1731	2805	229	365	14.9517168579398
1731	2827	229	368	14.440588422914
1760	2334	232	302	14.7139083183225
1760	2804	232	365	14.9943484686731
1760	3397	232	438	14.2522723100564
2047	2501	266	324	14.8560579226119
2064	2543	268	330	14.1576869226579
2067	2424	269	314	14.5014004151323
2067	2537	269	329	14.831878202035
2271	2311	294	300	14.0693822536741
2274	951	294	124	14.2597616740252
2282	3397	295	438	14.9461024350832
2284	2811	296	366	14.2272532134632
2335	2396	302	310	14.6303632217385
2396	2807	310	365	14.8726307356836
2470	2543	321	330	14.3715587185246
2483	2537	322	329	14.6593685061806
2510	2642	325	342	14.2423128388615
2675	2752	346	357	14.4327024496454
2767	2839	360	369	14.8697008712348
2812	3411	366	439	14.5570102012742
2813	3458	366	444	14.6568343444278
2813	3507	366	450	14.4351012812519
2824	3425	367	440	14.9920623331148
2827	3460	368	444	14.9598133678198
2827	429	368	55	14.980438211214
2827	951	368	124	14.2363457741093
2828	3428	368	441	14.7275212442556
2828	3437	368	442	14.3969969785369
2841	395	369	52	14.4244285155426
3363	3437	433	442	14.9892303338096
3372	3407	434	439	14.6032619986084
3420	3507	440	450	14.2215039289099
3437	947	442	123	14.748678618778
3443	3499	443	449	14.9796272650557
3454	3499	444	449	14.6321329272256
3467	393	445	51	14.2960809664747
348	430	45	55	14.9888941886985
3484	392	447	51	14.9855972520284
383	951	50	124	14.6319437191373
1002	3397	130	438	15.2862037471702
1010	428	131	55	15.1691113121369
1011	2284	131	296	15.6249335998589
1020	2827	132	368	15.559188603523
1020	3393	132	437	15.5757961594263
1020	3437	132	442	15.5493591186261
1050	1731	137	229	15.7384585649294
1729	2306	229	299	15.8230498008444
1729	2778	229	361	15.5788652988592
1760	2778	232	361	15.4856760588616
1760	429	232	55	15.9480045773758
2020	2067	263	269	15.0775007875974
2020	2470	263	321	15.9633394375989
2020	2580	263	334	15.3481048667254
2020	2642	263	342	15.2046901974358
2047	2469	266	321	15.4503073755832
2047	2543	266	330	15.9851102592381
2275	2752	294	357	15.5794537452377
2275	3369	294	434	15.2840030751109
2275	3485	294	447	15.9913450653783
2278	2767	295	360	15.1695327548346
2284	2767	296	360	15.1262303962356
2309	2811	299	366	15.3668526380648
2335	2824	302	367	15.6417997685688
2335	2839	302	369	15.6594259154032
2336	2815	303	366	15.9523390447922
2396	2824	310	367	15.9620511213315
2423	2752	314	357	15.7058226463945
2424	2510	314	325	15.5880670065278
2449	2530	318	328	15.8546369873296
2675	3346	346	430	15.1737627502212
2778	3368	361	433	15.3226778664828
2778	996	361	129	15.8472325028694
2812	996	366	129	15.6284173862871
2813	3437	366	442	15.7590281743513
2813	3443	366	443	15.5435337037625
2813	3472	366	446	15.845629681398
2824	3411	367	439	15.5392460885334
2824	3460	367	444	15.9897402417925
2824	3472	367	446	15.9250427628939
2827	3443	368	443	15.7147606408752
2827	394	368	51	15.7033279912253
3341	3407	430	439	15.4247749092166
3341	3466	430	445	15.7428855042524
3363	3499	433	449	15.0699475778783
3372	3428	434	441	15.0499707640912
3393	395	437	52	15.3689035718232
3393	947	437	123	15.9725199639881
3393	951	437	124	15.8071100774304
3397	348	438	45	15.08057246924
3407	3467	439	445	15.8947496048223
3428	3472	441	446	15.0815881458154
3440	3499	442	449	15.9613557381571
3454	383	444	50	15.1487499484281
3460	395	444	52	15.8121993726363
391	994	51	129	15.1742456155158
1002	2827	130	368	16.4049129836156
1002	3424	130	440	16.5667904254264
1002	391	130	51	16.4063522149197
1002	395	130	52	16.8694716870446
1010	391	131	51	16.1341584844082
1010	395	131	52	16.2344195461371
1050	2840	137	369	16.7984971649252
1050	3397	137	438	16.1784631223117
1050	3417	137	440	16.9829747099853
1690	951	222	124	16.9622683919339
1729	2311	229	300	16.5137903886419
1729	2336	229	303	16.3172209030828
1760	2811	232	366	16.8564001494981
1760	3422	232	440	16.6417153562967
2020	2483	263	322	16.5823056901023
2274	430	294	55	16.7296661652287
2278	2790	295	363	16.1962053889175
2282	2824	295	367	16.9539487435818
2282	3424	295	440	16.5843451483621
2284	2790	296	363	16.2050057389685
2284	3414	296	439	16.7345030998832
2311	2790	300	363	16.2445718626254
2334	996	302	129	16.4811600016504
2336	2752	303	357	16.9980914811046
2336	2827	303	368	16.919473809785
2337	2425	303	314	16.564470169613
2392	2483	310	322	16.7893931992791
2396	2815	310	366	16.1703200339387
2423	2503	314	324	16.7950728489042
2469	2582	321	334	16.6920340881511
2483	2642	322	342	16.5970236488354
2510	2580	325	334	16.3857691915882
2526	2675	328	346	16.72664580841
2752	2839	357	369	16.1399517037692
2767	3369	360	434	16.8202013067621
2783	3341	362	430	16.0770598680231
2783	3393	362	437	16.6040540531522
2783	3485	362	447	16.9008313109149
2790	3393	363	437	16.9992585132411
2790	3485	363	447	16.8525294837303
2805	3459	365	444	16.4013228125051
2827	3507	368	450	16.7440622609927
2827	947	368	123	16.7988254946588
2841	383	369	50	16.9624889977857
3341	3428	430	441	16.1136027628833
3363	3407	433	439	16.0966250810535
3393	383	437	50	16.1703583139027
3393	994	437	129	16.3004477545864
3397	3467	438	445	16.7495981444332
3397	3472	438	446	16.2814020587909
3397	3507	438	450	16.0217656954532
3407	3472	439	446	16.5637300750767
3407	3507	439	450	16.6816793219388
3428	3507	441	450	16.1752388544961
3428	994	441	129	16.9957927146691
3437	951	442	124	16.396505298386
3442	947	443	123	16.7981352834176
3482	430	447	55	16.9034568062275
395	994	52	129	16.2521585027959
1010	3397	131	438	17.0557440764101
1010	3422	131	440	17.9386519560417
1010	386	131	50	17.6982678530979
1013	2284	132	296	17.7527058219304
1020	3442	132	443	17.7444623756258
1050	2282	137	295	17.4022530437872
1050	3428	137	441	17.2844340665236
1729	2780	229	362	17.8584200029006
1731	2811	229	366	17.638926526294
1731	3397	229	438	17.2509677699542
1731	947	229	123	17.1538368302838
1760	2306	232	299	17.7784473450299
1760	2336	232	303	17.6126962444709
1760	2780	232	362	17.5515838031786
2029	2449	264	318	17.5232265579145
2063	2642	268	342	17.9838750829736
2067	2543	269	330	17.3811701562352
2274	394	294	51	17.7697891940225
2274	947	294	123	17.332102353725
2275	2396	294	310	17.195889218066
2275	3341	294	430	17.0906255590601
2282	3393	295	437	17.5129714497569
2282	947	295	123	17.0848155682173
2306	2827	299	368	17.7190278796553
2335	2752	302	357	17.7174409269511
2396	3368	310	433	17.187967244558
2474	2752	321	357	17.7317857250757
2483	2543	322	330	17.0333005022515
2483	2675	322	346	17.6942864789739
2510	2675	325	346	17.0477036870072
2675	3367	346	433	17.0811285926897
2752	3507	357	450	17.5614315190989
2770	3339	360	430	17.7861575389402
2780	996	362	129	17.6891411606104
2805	3437	365	442	17.7945349475618
2813	3428	366	441	17.187968728154
2813	430	366	55	17.9150857659125
2824	3437	367	442	17.4766063639369
2824	3443	367	443	17.0625054139186
2824	996	367	129	17.7228921736832
2828	3472	368	446	17.7312123386981
2839	3507	369	450	17.4045878434395
3363	3428	433	441	17.3110440470816
3363	3466	433	445	17.1793291487182
3372	392	434	51	17.6706227111553
3393	3499	437	449	17.6619824764945
3467	383	445	50	17.2118604165848
3472	393	446	51	17.7161731194973
1002	2805	130	365	18.608712072575
1011	2827	131	368	18.8712304580279
1020	2805	132	365	18.8977639153419
1020	3460	132	444	18.7900436934032
1050	2274	137	294	18.9922529469255
1690	2842	222	369	18.3643659569287
1690	3414	222	439	18.526956387923
1690	947	222	123	18.6743389173486
1731	2767	229	360	18.9733797463709
1731	3424	229	440	18.606201788651
1760	2311	232	300	18.976445768373
1760	2767	232	360	18.6900661850086
1760	3393	232	437	18.1114139978081
1760	391	232	51	18.1704488111879
2047	2449	266	318	18.3788474067337
2274	3428	294	441	18.7543680512034
2275	3460	294	444	18.9958224091509
2282	428	295	55	18.7616753516311
2284	2824	296	367	18.4670280770892
2306	2752	299	357	18.9651887678452
2309	2824	299	367	18.7303282939729
2335	3364	302	433	18.9215710235699
2336	2824	303	367	18.0243518330064
2336	2839	303	369	18.9581744638032
2336	996	303	129	18.7352507322427
2392	2503	310	324	18.8848381777552
2392	2675	310	346	18.6702883212874
2396	2827	310	368	18.2232860099379
2423	2778	314	361	18.744511009893
2423	2793	314	363	18.6347824511047
2449	2675	318	346	18.3520640256076
2752	3393	357	437	18.8560291153785
2752	3482	357	447	18.4158510528295
2767	996	360	129	18.2375593487725
2778	3369	361	434	18.6153335989447
2778	3414	361	439	18.0781154714754
2783	3397	362	438	18.3586350799835
2783	3414	362	439	18.5248187575479
2783	3427	362	440	18.6965106905005
2790	3397	363	438	18.7996417785021
2793	3507	363	450	18.3783488104889
2804	3443	365	443	18.9524087387329
2804	3507	365	450	18.7551087440196
2805	3428	365	441	18.7418270720866
2805	3473	365	446	18.7871233827853
2805	394	365	51	18.8251880999899
2805	430	365	55	18.5200137418956
2805	951	365	124	18.362082779467
2813	392	366	51	18.92580053789
2824	3428	367	441	18.7157899646261
2839	3472	369	446	18.4365503009647
3341	430	430	55	18.8413465813885
3372	430	434	55	18.388988743267
3420	3499	440	449	18.6784140119016
3442	951	443	124	18.5078279114541
3460	947	444	123	18.6881971843193
3467	430	445	55	18.8568567104913
1002	2334	130	302	19.7360391923
1002	3393	130	437	19.8606125283184
1002	3428	130	441	19.5569928414365
1002	383	130	50	19.9034571368896
1731	428	229	55	19.5808372905757
1760	2790	232	363	19.9540463315088
1760	2824	232	367	19.3966528555831
1760	3428	232	441	19.9831497517283
1760	395	232	52	19.4174267605159
2064	2580	268	334	19.911103786581
2067	2642	269	342	19.4422651458106
2273	3437	294	442	19.725779021372
2282	394	295	51	19.6783306964793
2284	2396	296	310	19.970692877314
2284	3397	296	438	19.3656671457505
2284	3427	296	440	19.5368683775061
2284	951	296	124	19.3305733489723
2306	2839	299	369	19.5823242747126
2306	996	299	129	19.3191164135423
2311	2811	300	366	19.0200552575433
2423	2675	314	346	19.2632459621944
2423	2780	314	362	19.412595704851
2474	2772	321	360	19.8107887273576
2483	2580	322	334	19.9364385234675
2675	2793	346	363	19.8374254377931
2675	3512	346	450	19.8802399130393
2767	3414	360	439	19.178788335033
2770	3393	360	437	19.9667309793066
2778	3393	361	437	19.9561240224649
2778	3397	361	438	19.9520511476891
2790	3411	363	439	19.9461077406094
2790	3427	363	440	19.9630220407633
2790	996	363	129	19.2459263741708
2812	951	366	124	19.4450682950716
2824	3499	367	449	19.5357002945889
2824	430	367	55	19.3257906694655
2827	395	368	52	19.5349092908055
3341	392	430	51	19.514282282472
3363	393	433	51	19.8469188792618
3363	430	433	55	19.6224670467299
3428	3499	441	449	19.8436660423421
3437	994	442	129	19.2346740549457
3460	951	444	124	19.7875463107481
3467	395	445	52	19.1149050219979
348	947	45	123	19.68628687691
3484	383	447	50	19.6437263521971
3484	395	447	52	19.5881297218494
3507	393	450	51	19.3024710594266
3507	430	450	55	19.926505237999
383	994	50	129	19.5796461919004
1002	2778	130	361	20.9785776924938
1002	2812	130	366	20.9593341020176
1010	3428	131	441	20.1434334213411
1011	2805	131	365	20.5189158095646
1020	2811	132	366	20.8230285261294
1020	3485	132	447	20.911691131996
1050	2828	137	368	20.9338539452247
1050	3393	137	437	20.7079734884899
1050	3437	137	442	20.0337701144842
1690	2334	222	302	20.2004006643433
1731	2790	229	363	20.4262202573065
1731	2824	229	367	20.911187699411
1731	3393	229	437	20.3508386559375
1731	394	229	51	20.7923399837536
2029	2675	264	346	20.9445004953568
2063	2392	268	310	20.1387991945895
2063	2675	268	346	20.1189110291785
2067	2392	269	310	20.6590538505518
2273	3443	294	443	20.6630296665324
2278	2396	295	310	20.2650281026205
2278	3364	295	433	20.7385011512404
2282	2752	295	357	20.7584152333457
2284	3393	296	437	20.4121153484885
2306	2423	299	314	20.8715865233096
2311	2425	300	314	20.6890298950918
2311	2827	300	368	20.1558965317845
2311	996	300	129	20.7690568153684
2334	3414	302	439	20.1809115254985
2335	3369	302	434	20.8835331301961
2336	3368	303	433	20.7345534072958
2392	2510	310	325	20.7824434800146
2424	2526	314	328	20.8691310312624
2449	2537	318	329	20.2824633858908
2449	2642	318	342	20.9397413069025
2449	2752	318	357	20.0529542461952
2449	2771	318	360	20.5349498660211
2503	2752	324	357	20.8129040020848
2537	2675	329	346	20.5336496755935
2543	2675	330	346	20.6503004820753
2675	2771	346	360	20.4667434634824
2675	2824	346	367	20.113886272921
2752	3397	357	438	20.0260855136495
2752	3411	357	439	20.7792038346035
2767	3397	360	438	20.4275214845071
2767	3485	360	447	20.8385541964888
2778	3341	361	430	20.2575103356755
2805	947	365	123	20.82148724275
2813	3466	366	445	20.5183265155811
2813	3499	366	449	20.8810588093612
2824	394	367	51	20.555028898058
2824	951	367	124	20.8655714036304
2828	3467	368	445	20.8879947816922
2839	3467	369	445	20.5891239735934
3363	996	433	129	20.9955306910781
3472	429	446	55	20.8389166944926
3485	996	447	129	20.846613010271
1002	3437	130	442	21.9356103402663
1010	3393	131	437	21.3330852199114
1011	2334	131	302	21.3996851846003
1019	349	132	45	21.7707887087262
1050	2284	137	296	21.7112505627843
1690	431	222	55	21.8965278069378
1760	3437	232	442	21.778747117316
2047	2642	266	342	21.5580772333713
2274	395	294	52	21.2112708011566
2275	3507	294	450	21.9236153496635
2282	3369	295	434	21.4850458226181
2282	3428	295	441	21.2781185728438
2282	3485	295	447	21.4113460809917
2284	3364	296	433	21.4638984343478
2306	3368	299	433	21.880290080344
2311	2752	300	357	21.2071286363807
2311	2824	300	367	21.7444085226524
2311	2839	300	369	21.8913033417383
2335	3393	302	437	21.2211572964341
2335	3397	302	438	21.6480489190135
2335	3427	302	440	21.8300286303065
2396	2839	310	369	21.0073900330336
2675	3369	346	434	21.9489616383099
2752	3472	357	446	21.9352123764508
2752	996	357	129	21.7204853076537
2778	3424	361	440	21.8710318686613
2778	3485	361	447	21.4696289208733
2783	3459	362	444	21.4981034512349
2783	3507	362	450	21.3400305997906
2790	3459	363	444	21.9486678639046
2793	3472	363	446	21.5485913692752
2812	947	366	123	21.6843362360945
2824	3466	367	445	21.8442309088693
2827	383	368	50	21.7975360992934
3369	996	434	129	21.464172264497
3397	3499	438	449	21.4203333774244
3407	3499	439	449	21.3793785456921
3442	994	443	129	21.3786473847154
3459	996	444	129	21.9778042806828
3473	383	446	50	21.9260979200587
3482	947	447	123	21.9227815297238
3482	951	447	124	21.8955566496949
1002	2780	130	362	22.9058992183236
1010	3437	131	442	22.4669681532689
1020	2824	132	367	22.3859221163659
1020	3372	132	434	22.5310098087058
1050	3442	137	443	22.1461117354718
1690	2805	222	365	22.5722890509581
1690	2827	222	368	22.1302831884276
1690	3397	222	438	22.2426491452794
1690	3424	222	440	22.4486768652409
1690	391	222	51	22.8119176090043
1731	395	229	52	22.5138352796675
1760	3363	232	433	22.82235334053
1760	3485	232	447	22.7132484906937
1760	383	232	50	22.4973549778635
2020	2449	263	318	22.9878738903797
2029	2424	264	314	22.4354919045694
2067	2580	269	334	22.3143259140849
2067	2675	269	346	22.3799743967682
2275	3473	294	446	22.355823872092
2282	3341	295	430	22.9376034929545
2282	3437	295	442	22.3284967250373
2282	395	295	52	22.0770065452724
2284	2752	296	357	22.0331225431168
2284	3372	296	434	22.9731477164101
2284	947	296	123	22.5450382346094
2335	3485	302	447	22.6536165103941
2336	3414	303	439	22.131241741032
2391	996	310	129	22.9461518560303
2396	3339	310	430	22.9398663683989
2396	3369	310	434	22.2101700128567
2423	2824	314	367	22.9820099208054
2449	2543	318	330	22.8958561752995
2474	2793	321	363	22.4306642121895
2752	3420	357	440	22.4837638530563
2767	3424	360	440	22.6930500814677
2770	3507	360	450	22.4447774549003
2778	951	361	124	22.422637199937
2783	3473	362	446	22.5694885409484
2813	395	366	52	22.8801586314431
2828	3499	368	449	22.8658584356678
3341	951	430	124	22.9710668885883
3341	994	430	129	22.9668963510527
3363	951	433	124	22.8530082046106
3369	951	434	124	22.9013055959699
3372	383	434	50	22.6193837449211
3372	395	434	52	22.2378217008771
3472	395	446	52	22.7703476258049
348	951	45	124	22.2081955142691
3499	393	449	51	22.8586684870314
1002	2306	130	299	23.0462356796072
1002	2336	130	303	23.0454094344188
1002	2824	130	367	23.5948642505101
1010	2811	131	366	23.7993286039754
1011	2778	131	361	23.5271513150232
1013	2334	132	302	23.2076593821954
1020	3363	132	433	23.7133571010095
1050	2805	137	365	23.6251053542625
1050	3454	137	444	23.9834223788016
1690	2306	222	299	23.792330760142
1690	2778	222	361	23.9477570139669
1690	395	222	52	23.3596678700704
1731	2396	229	310	23.6434429599413
1731	3428	229	441	23.0483275098216
1760	2391	232	310	23.6583456310876
1760	2752	232	357	23.3359741815079
1760	3369	232	434	23.4014489722325
1760	3442	232	443	23.9003199560173
1760	3459	232	444	23.8580277055753
2047	2424	266	314	23.1479375323159
2047	2580	266	334	23.3289357879866
2274	383	294	50	23.5942953698558
2282	3443	295	443	23.8256028045462
2282	3459	295	444	23.3519596179849
2284	3485	296	447	23.2813874371782
2284	394	296	51	23.8697727890317
2284	429	296	55	23.5457591935363
2306	3414	299	439	23.0195729326154
2334	951	302	124	23.6389961292776
2335	2423	302	314	23.7546677518335
2335	3341	302	430	23.0522087444999
2337	2449	303	318	23.8467655878109
2423	3368	314	433	23.5881922579921
2483	2752	322	357	23.6175437757613
2675	3499	346	449	23.6097738023896
2752	3459	357	444	23.8043408016269
2752	3499	357	449	23.2301825003593
2767	951	360	124	23.9569760612645
2780	951	362	124	23.8519820140801
2783	3437	362	442	23.4167196677929
2783	3443	362	443	23.3545171005525
2790	3437	363	442	23.6538723468273
2790	3443	363	443	23.3951080783996
2804	3467	365	445	23.9176492573999
2805	395	365	52	23.2828688524417
2824	947	367	123	23.1136137589949
2839	3499	369	449	23.6631879931678
3341	395	430	52	23.5801606440669
3341	947	430	123	23.914758225832
3369	947	434	123	23.9781508252826
3467	947	445	123	23.5642890196161
3507	395	450	52	23.9492281712794
1002	2311	130	300	24.0798736915292
1002	2767	130	360	24.0937577600506
1002	3442	130	443	24.1594604865258
1002	3459	130	444	24.8398129018719
1002	3485	130	447	24.9078562305149
1010	3442	131	443	24.6758416675095
1010	3460	131	444	24.8754020068018
1011	2783	131	362	24.9829268101238
1013	2778	132	361	24.1903929071026
1020	2783	132	362	24.3556529167255
1020	3341	132	430	24.113838868998
1020	3467	132	445	24.2459300708387
1050	349	137	45	24.6243204982391
1690	2311	222	300	24.2515071078067
1690	2336	222	303	24.7138303789599
1690	386	222	50	24.6661839367179
1731	2752	229	357	24.6976617921616
1731	3363	229	433	24.4659324163212
1731	3372	229	434	24.8730394805299
1731	3437	229	442	24.4564923282142
1731	3485	229	447	24.5536045011725
1760	3341	232	430	24.4991363521248
2282	383	295	50	24.8520595725988
2309	3369	299	434	24.197544379544
2311	3368	300	433	24.5135053388943
2311	3414	300	439	24.8708401546872
2336	3369	303	434	24.2799297157138
2336	3397	303	438	24.9402734748439
2391	3414	310	439	24.0637862773089
2423	2804	314	365	24.8119627196238
2423	2812	314	366	24.9912517693692
2424	2537	314	329	24.9144481175081
2424	2642	314	342	24.6169365681435
2449	2580	318	334	24.5947954860373
2449	2779	318	361	24.8232291614125
2449	2793	318	363	24.1408144435932
2474	3367	321	433	24.9304209551303
2503	2771	324	360	24.8564780489916
2504	3346	324	430	24.7596290157991
2675	2785	346	362	24.9640965788871
2675	2812	346	366	24.1901731701119
2675	2827	346	368	24.7173732018595
2752	3437	357	442	24.5729933260073
2752	3443	357	443	24.2054498408933
2752	430	357	55	24.8829175540169
2778	430	361	55	24.8503989907607
2783	3428	362	441	24.4829684883186
2783	394	362	51	24.856080805308
2783	429	362	55	24.8995019628908
2790	3428	363	441	24.6930293605301
2790	430	363	55	24.4475959554309
2790	951	363	124	24.2666916781007
2793	3499	363	449	24.3704730155161
2805	3499	365	449	24.9358874716742
2813	383	366	50	24.4316336334679
2824	395	367	52	24.8245563102344
3341	383	430	50	24.5024339403252
3363	395	433	52	24.3705741828132
3363	947	433	123	24.154476583027
3499	430	449	55	24.3353282492758
3507	383	450	50	24.3423944795906
1002	2790	130	363	25.0225429962664
1002	3372	130	434	25.9252430846848
1011	2306	131	299	25.129857261831
1011	2336	131	303	25.5106550484303
1020	2790	132	363	25.8583657642938
1020	3473	132	446	25.6437720704268
1050	2811	137	366	25.7500592038155
1050	3485	137	447	25.8211103944041
1690	2780	222	362	25.895601537713
1690	2811	222	366	25.2326399134138
1690	3393	222	437	25.5822667095784
1731	3459	229	444	25.8608880164622
1731	383	229	50	25.3142873097387
2020	2675	263	346	25.0355667401399
2275	2423	294	314	25.3040569474541
2275	3467	294	445	25.8613863124157
2284	3341	296	430	25.0947656295093
2284	3428	296	441	25.6462711519628
2284	3437	296	442	25.9173691180258
2284	3459	296	444	25.6326017797648
2306	3393	299	437	25.857715308975
2306	3397	299	438	25.6130660015547
2309	3427	299	440	25.9919571406233
2336	3341	303	430	25.8945631938444
2336	3393	303	437	25.4393879250268
2336	951	303	124	25.8432871167737
2337	2474	303	321	25.7463075022419
2392	2526	310	328	25.1799461079646
2423	2827	314	368	25.2294745288125
2449	2780	318	362	25.8104162887777
2474	2778	321	361	25.8209721157047
2474	2780	321	362	25.8621204467074
2474	2824	321	367	25.5982871692619
2474	3346	321	430	25.6741476392109
2483	2771	322	360	25.5120454295613
2504	3367	324	433	25.8063347843122
2510	2752	325	357	25.7523346708604
2642	2752	342	357	25.2750806526903
2642	3346	342	430	25.3933338890347
2675	3482	346	447	25.7459719179525
2752	3428	357	441	25.211734509946
2752	951	357	124	25.4331250734156
2767	3459	360	444	25.6300993755389
2767	430	360	55	25.43979711004
2770	3472	360	446	25.6431189600641
2778	3459	361	444	25.6819474534156
2778	3507	361	450	25.4579231085334
2790	394	363	51	25.8283191477882
2805	383	365	50	25.0703968257385
3363	383	433	50	25.3586163857573
3467	951	445	124	25.4508172363875
3472	947	446	123	25.4394041203798
3507	947	450	123	25.4835055869478
3507	951	450	124	25.2918000545631
3507	996	450	129	25.8742054757243
1002	3363	130	433	26.2850162830461
1010	2824	131	367	26.6379398978224
1010	3484	131	447	26.7976182523746
1011	2311	131	300	26.1065018338344
1011	2767	131	360	26.9445436034831
1013	2306	132	299	26.8060902408389
1013	2336	132	303	26.8071426489285
1013	2767	132	360	26.9853048528269
1020	3507	132	450	26.3247672544317
1690	3428	222	441	26.3419836952345
1731	3341	229	430	26.597152986739
1731	3442	229	443	26.54656653882
2063	2752	268	357	26.9151451974534
2284	395	296	52	26.9679163080873
2306	3341	299	430	26.8992921096448
2306	951	299	124	26.583778926255
2309	3485	299	447	26.4264740553862
2334	430	302	55	26.947802303713
2335	3459	302	444	26.3204886352818
2336	3424	303	440	26.9335535160142
2391	3397	310	438	26.7847791105322
2392	2642	310	342	26.0406973408931
2396	3393	310	437	26.2152696915366
2396	3485	310	447	26.8525923701977
2503	2793	324	363	26.1766042297315
2582	3346	334	430	26.5694941615379
2675	2778	346	361	26.5400131122801
2675	2804	346	365	26.3944898984618
2675	2839	346	369	26.7660647275613
2675	3472	346	446	26.6786203166506
2767	3428	360	441	26.7878305579231
2767	3437	360	442	26.4593650339535
2767	3443	360	443	26.6063941750851
2778	3428	361	441	26.6101840842937
2778	3437	361	442	26.446705371369
2778	3443	361	443	26.8967934520084
2778	394	361	51	26.6848061638079
2778	947	361	123	26.0752648308699
2783	947	362	123	26.3021275375206
2824	383	367	50	26.5929190763256
3472	951	446	124	26.0001517880185
3473	996	446	129	26.7863450287642
348	994	45	129	26.0600752493158
1002	3341	130	430	27.5686969405519
1010	3372	131	434	27.6981035812923
1011	2790	131	363	27.5162807988289
1011	3364	131	433	27.9612369182767
1020	2752	132	357	27.9844541486876
1050	2334	137	302	27.2686238193276
1050	2824	137	367	27.9954185001761
1050	3372	137	434	27.6167682577089
2020	2424	263	314	27.9652959576687
2029	2392	264	310	27.4884979036687
2282	2423	295	314	27.3203995212369
2282	3473	295	446	27.7322342590711
2282	3507	295	450	27.3793066749324
2284	2425	296	314	27.9473450259591
2284	3442	296	443	27.7258209256282
2306	2449	299	318	27.6069868873805
2311	3369	300	434	27.7376355517193
2311	3397	300	438	27.8634675516168
2334	394	302	51	27.8084442031553
2334	947	302	123	27.0856382793539
2335	3437	302	442	27.6880589063228
2336	3485	303	447	27.1203517307575
2396	3507	310	450	27.7348207493757
2423	2839	314	369	27.7373902882012
2423	3339	314	430	27.9965355178101
2424	2543	314	330	27.5495200321167
2424	2582	314	334	27.7851861609743
2449	2824	318	367	27.572141610691
2449	3368	318	433	27.8036717179584
2503	2824	324	367	27.9658295067391
2582	2752	334	357	27.7750043744371
2675	3393	346	437	27.707066138442
2752	392	357	51	27.8197469075475
2767	394	360	51	27.7042642385608
2767	947	360	123	27.5179101132335
2778	3472	361	446	27.8094305946742
2783	3467	362	445	27.9516096853115
2783	3499	362	449	27.660773561128
2790	3466	363	445	27.9872212447038
2790	947	363	123	27.248914143503
3467	994	445	129	27.8869462293741
3499	383	449	50	27.1438390984032
3499	395	449	52	27.4160195870954
1002	2391	130	310	28.8338911872817
1002	2752	130	357	28.1437663790758
1002	348	130	45	28.4565794325319
1010	348	131	45	28.5256781163919
1013	2311	132	300	28.0215103804203
1050	2778	137	361	28.3789997004828
1050	2783	137	362	28.9610287282755
1050	3467	137	445	28.0070033563036
1690	2767	222	360	28.0928505317634
1690	2824	222	367	28.9611406370675
1690	3437	222	442	28.0317229759428
1760	3473	232	446	28.8127376866552
1760	348	232	45	28.8419972956104
1760	3507	232	450	28.4404460232255
2047	2675	266	346	28.1164761305538
2063	2771	268	360	28.7432336559407
2067	2752	269	357	28.4243922362467
2275	2675	294	346	28.6694656211099
2275	3499	294	449	28.4234705129405
2311	2449	300	318	28.0380548719058
2311	3393	300	437	28.385831906076
2311	951	300	124	28.1273549769615
2334	3428	302	441	28.8473841101754
2335	3443	302	443	28.165551068637
2335	3473	302	446	28.6874569629307
2335	3507	302	450	28.2646911534515
2391	951	310	124	28.1175771715843
2396	3424	310	440	28.9353316552618
2423	3369	314	434	28.8104373448235
2423	996	314	129	28.7668385993317
2474	2812	321	366	28.7876199954077
2483	2793	322	363	28.4358925655588
2510	2771	325	360	28.5236824586167
2526	2752	328	357	28.1713347216634
2642	3367	342	433	28.101997295566
2642	3512	342	450	28.9287603087308
2675	3397	346	438	28.1290942086659
2675	3411	346	439	28.4291155683746
2752	3466	357	445	28.8255152425763
2752	947	357	123	28.3868244085174
2770	3499	360	449	28.6387007561447
1010	3341	131	430	29.9347377807122
1050	3341	137	430	29.8089169377218
1050	3363	137	433	29.1855324947139
1690	2790	222	363	29.0958686758104
1690	3459	222	444	29.8116007788915
1760	2423	232	314	29.5914600180525
2047	2391	266	310	29.9979846823082
2067	2771	269	360	29.8846288583278
2282	3467	295	445	29.9560767457957
2284	3473	296	446	29.5630264519721
2284	3507	296	450	29.9324320428528
2284	383	296	50	29.2634093878345
2306	2474	299	321	29.4683203118196
2311	3341	300	430	29.5633145300049
2311	3424	300	440	29.5325290823526
2336	2675	303	346	29.9311388690775
2336	430	303	55	29.3495690257966
2336	947	303	123	29.7988633004683
2337	2483	303	322	29.7352398510589
2392	2537	310	329	29.6212702799863
2392	2582	310	334	29.3272081521579
2423	3414	314	439	29.5807907602214
2449	2827	318	368	29.8135240453053
2449	3346	318	430	29.8469230239903
2474	2804	321	365	29.6786925924981
2474	2827	321	368	29.1147450443929
2474	3369	321	434	29.9952191857302
2504	3510	324	450	29.7562337838645
2582	3367	334	433	29.8675636435247
2582	3512	334	450	29.6984639838494
2675	3417	346	440	29.8353532910204
2783	395	362	52	29.1866001103246
2790	395	363	52	29.9893209159528
1002	3467	130	445	30.4495098318511
1002	3473	130	446	30.5496466100673
1002	3507	130	450	30.8826795631467
1010	3467	131	445	30.5963212494574
1050	2790	137	363	30.9926416105501
1050	3472	137	446	30.9921560721419
1690	3372	222	434	30.9861891332251
1690	3442	222	443	30.2017268877129
1690	3484	222	447	30.7746361310739
1729	2423	229	314	30.642593770763
1731	3473	229	446	30.7662944795112
1731	3507	229	450	30.8436192590947
1760	3466	232	445	30.8430371721074
2275	2449	294	318	30.7861847100286
2275	2474	294	321	30.9618538527653
2306	429	299	55	30.7244757481719
2306	947	299	123	30.3865326254905
2309	3459	299	444	30.3040323389479
2311	2474	300	321	30.40886998887
2311	3485	300	447	30.135019113981
2334	2449	302	318	30.9454100796871
2391	430	310	55	30.474401503557
2449	2804	318	365	30.3868547401668
2449	2811	318	366	30.7731177978443
2483	2778	322	361	30.301905319633
2483	2780	322	362	30.9556415052249
2483	2824	322	367	30.9901720066217
2483	3367	322	433	30.8302797587048
2503	2778	324	361	30.799016234289
2503	2780	324	362	30.6684968004628
2504	3369	324	434	30.7134871351333
2510	2793	325	363	30.7913199619633
2642	2771	342	360	30.6878410775343
2642	2793	342	363	30.9036521789901
2642	2824	342	367	30.6760969323022
2675	3442	346	443	30.9258931803109
2675	3460	346	444	30.8592831089771
2752	395	357	52	30.9668334351448
2778	395	361	52	30.1746312156421
3499	947	449	123	30.0556952839225
3499	951	449	124	30.4942658216262
1010	2752	131	357	31.8781257134105
1010	3473	131	446	31.5888508337989
1020	2391	132	310	31.3642895503788
1020	3499	132	449	31.3429516957162
1050	2306	137	299	31.1148927846457
1050	2336	137	303	31.2257987888221
1050	2767	137	360	31.0670675313909
1050	3507	137	450	31.9249058416779
1690	3363	222	433	31.599929952454
2029	2752	264	357	31.7640104678235
2063	2793	268	363	31.6321461333246
2306	394	299	51	31.7088736633769
2309	3437	299	442	31.7824928537709
2309	3507	299	450	31.5851600280891
2334	395	302	52	31.327816712947
2335	2474	302	321	31.2704731975709
2335	2675	302	346	31.8842326707105
2336	3428	303	441	31.6946789382697
2336	3437	303	442	31.805190032446
2336	3459	303	444	31.1952105458514
2336	3507	303	450	31.0832805379355
2336	394	303	51	31.4267964959841
2337	2503	303	324	31.7327663149622
2392	2543	310	330	31.610972430471
2396	3459	310	444	31.8304999960729
2396	3472	310	446	31.5657844350493
2474	2839	321	369	31.5242834335691
2474	3507	321	450	31.6285542824834
2483	3344	322	430	31.9454682075564
2503	2812	324	366	31.6465971156458
2503	2827	324	368	31.6807960916388
2510	3346	325	430	31.7712171154962
2526	2771	328	360	31.9970591773682
2526	3346	328	430	31.8998523507555
2582	3499	334	449	31.8236082649344
2642	3499	342	449	31.4126219376861
2675	3428	346	441	31.0994809763764
2675	3437	346	442	31.0005164634398
2675	430	346	55	31.0116243689362
2675	996	346	129	31.6700799178026
2767	3466	360	445	31.9335074803881
2767	395	360	52	31.224751976597
2778	3499	361	449	31.9433387578694
2783	383	362	50	31.1000095659149
3499	996	449	129	31.9351839982174
1010	3507	131	450	32.9054847403894
1011	2391	131	310	32.2965676504486
1050	2311	137	300	32.3882592462145
1690	2396	222	310	32.8202396548227
1731	3467	229	445	32.3138259109007
2020	2392	263	310	32.609706438421
2063	2337	268	303	32.921992740416
2282	2449	295	318	32.4466219042907
2282	2675	295	346	32.8284352810182
2284	3466	296	445	32.9632914922039
2306	2675	299	346	32.3617033698784
2306	3428	299	441	32.3201622211275
2306	3443	299	443	32.8539725908451
2309	3473	299	446	32.3204257552403
2311	429	300	55	32.6765950490562
2311	947	300	123	32.0321614163016
2336	3443	303	443	32.4066137076986
2391	3428	310	441	32.8881531254037
2391	947	310	123	32.1434461904756
2396	3437	310	442	32.4663130952684
2396	3443	310	443	32.577887884269
2423	3393	314	437	32.9468847237489
2423	3397	314	438	32.1576888162069
2423	3507	314	450	32.6378212201734
2449	2839	318	369	32.0753689456567
2449	3369	318	434	32.8432554567905
2449	3414	318	439	32.9703975863197
2449	996	318	129	32.7985357904892
2504	2804	324	365	32.8187741696731
2510	3367	325	433	32.1361523988171
2537	2752	329	357	32.5118324460496
2642	3369	342	434	32.3927451599891
2675	951	346	124	32.9173451389993
2778	3466	361	445	32.5184451811583
2778	383	361	50	32.6951133657616
2790	383	363	50	32.0166217143533
1050	2752	137	357	33.7634601899746
1690	2752	222	357	33.6596083459092
1690	3341	222	430	33.5838629552945
2063	2778	268	361	33.8310367118716
2063	2785	268	362	33.9267448040628
2067	2337	269	303	33.1675330556856
2067	2793	269	363	33.1055274236796
2282	2474	295	321	33.7812644227536
2282	3499	295	449	33.7826765665481
2285	2449	296	318	33.5506466852727
2306	2483	299	322	33.4511045707014
2311	3459	300	444	33.9292875551492
2311	394	300	51	33.8422734017678
2334	383	302	50	33.607132650674
2335	3466	302	445	33.3821061648303
2336	3472	303	446	33.5172241094038
2337	2510	303	325	33.8442935514985
2396	3499	310	449	33.6272171016277
2396	394	310	51	33.7624152127776
2423	3482	314	447	33.786690589639
2423	951	314	124	33.5274484862776
2474	3411	321	439	33.9069739286773
2474	996	321	129	33.897304037342
2483	2812	322	366	33.966410201845
2483	2827	322	368	33.335616688461
2503	2839	324	369	33.7943856283851
2503	3499	324	449	33.824766695426
2504	3414	324	439	33.9467674160589
2510	2779	325	361	33.9355765090266
2510	2785	325	362	33.754270263183
2510	2824	325	367	33.2827762063203
2526	2793	328	363	33.5187806460796
2526	3367	328	433	33.3156291550978
2543	2752	330	357	33.5957349971689
2582	2771	334	360	33.4644253499145
2582	2793	334	363	33.3014754027505
2582	2824	334	367	33.0480151446346
2642	2827	342	368	33.887652825181
2752	383	357	50	33.250598941974
2767	383	360	50	33.7431327680167
1002	2423	130	314	34.6472303510685
1690	348	222	45	34.5644672604685
1760	2449	232	318	34.0697293942878
1760	2675	232	346	34.1854479420704
1760	3499	232	449	34.6158921306385
2063	2824	268	367	34.5575102691152
2063	3346	268	430	34.292706061202
2063	3367	268	433	34.0361642227793
2067	2778	269	361	34.2656257202462
2275	2503	294	324	34.6412975218885
2306	395	299	52	34.9893458641341
2311	2483	300	322	34.0170516800031
2311	2675	300	346	34.2088354814951
2311	3428	300	441	34.5934311683591
2311	3437	300	442	34.6960776745729
2311	3507	300	450	34.793382474258
2335	3499	302	449	34.6970679741099
2336	395	303	52	34.5245138850644
2474	3397	321	438	34.6680035479403
2474	3482	321	447	34.7219998991994
2483	2804	322	365	34.6774755857459
2504	3397	324	438	34.9458691407153
2504	3482	324	447	34.6725390042322
2582	3369	334	434	34.178298392401
2642	2812	342	366	34.5544683941165
2675	3466	346	445	34.0928442491969
2675	392	346	51	34.6652635645541
1690	3467	222	445	35.6486239425872
1690	3473	222	446	35.7217557239283
1729	2449	229	318	35.6799257566492
1760	2474	232	321	35.5553966367977
2028	2771	264	360	35.997538651969
2067	2780	269	362	35.1453025168371
2067	2824	269	367	35.7231903530466
2067	3367	269	433	35.7559184191932
2275	2483	294	322	35.156141156276
2284	2474	296	321	35.4772432694537
2284	2675	296	346	35.4506379209176
2306	2503	299	324	35.3173793478508
2311	3443	300	443	35.3774593915391
2335	2483	302	322	35.7841890365005
2423	3417	314	440	35.9128009907331
2423	430	314	55	35.6314323175479
2449	3397	318	438	35.6605064602285
2449	3507	318	450	35.3274914054197
2474	3393	321	437	35.1641456458137
2474	3499	321	449	35.5494575767339
2483	2839	322	369	35.3765445033853
2483	3369	322	434	35.56782283188
2483	3414	322	439	35.6439847519887
2504	3393	324	437	35.6309991580365
2504	996	324	129	35.970113080167
2526	2824	328	367	35.2552864262936
2537	3346	329	430	35.5951901385566
2543	3346	330	430	35.4196299528947
2642	2780	342	362	35.9697886982951
2642	2839	342	369	35.3941577523749
2642	3397	342	438	35.7551179133841
2642	3411	342	439	35.1551529935513
2642	3472	342	446	35.6142907271786
2642	3482	342	447	35.2644911773869
2675	947	346	123	35.2483148533373
1002	3499	130	449	36.634339259771
1020	2675	132	346	36.3643536172445
1050	2391	137	310	36.4194841396745
1050	3499	137	449	36.6877042481538
1731	2474	229	321	36.9865795796259
1731	2675	229	346	36.4519165202599
2020	2752	263	357	36.5771180111282
2028	3346	264	430	36.3699089495698
2047	2752	266	357	36.261045627505
2063	2306	268	299	36.6910987025464
2067	2306	269	299	36.8632987807657
2067	3344	269	430	36.8531044146894
2282	2483	295	322	36.7967147038971
2284	3499	296	449	36.3817088933436
2311	2503	300	324	36.5183470326903
2311	3472	300	446	36.8380955126619
2311	395	300	52	36.9016816689972
2335	2503	302	324	36.403759915701
2391	395	310	52	36.6633362639027
2449	3393	318	437	36.9195138104499
2449	951	318	124	36.5120019856485
2483	3507	322	450	36.7693835276035
2483	996	322	129	36.2295876046085
2503	3472	324	446	36.719044581797
2504	3420	324	440	36.9577048529803
2510	2812	325	366	36.651694217321
2510	2827	325	368	36.4689874413864
2510	3512	325	450	36.819373894731
2526	3510	328	450	36.7322155607309
2537	2771	329	360	36.3860681167944
2582	2813	334	366	36.9413599912077
2582	2827	334	368	36.7311788267134
2582	3472	334	446	36.7264921548465
2582	3482	334	447	36.9228855047923
2642	2778	342	361	36.1162543738965
2642	2804	342	365	36.632125695897
2642	3393	342	437	36.6326781712722
2642	3417	342	440	36.9887469374133
2642	430	342	55	36.9290887242022
2675	395	346	52	36.9741681853697
1013	2423	132	314	37.8303859086846
1690	3507	222	450	37.2710815646662
1731	3499	229	449	37.1332979009406
1760	2483	232	322	37.9321911969241
2028	2793	264	363	37.8295807140391
2028	3367	264	433	37.781606887479
2063	2311	268	300	37.1555880319502
2063	2812	268	366	37.6274413825867
2063	2827	268	368	37.3104703937112
2067	2311	269	300	37.1471968659817
2067	2827	269	368	37.6858081776151
2282	2503	295	324	37.6463017307145
2306	2510	299	325	37.5863408168446
2306	383	299	50	37.5327626081534
2309	3466	299	445	37.2731104417112
2309	3499	299	449	37.9627182641075
2336	3467	303	445	37.8543592337791
2336	3499	303	449	37.5409593510875
2336	383	303	50	37.2451485968307
2396	3466	310	445	37.8051869986117
2423	3428	314	441	37.9375545600926
2423	3472	314	446	37.3942256906063
2423	3499	314	449	37.8493836937935
2423	947	314	123	37.5043374158243
2449	3482	318	447	37.5183660891569
2474	3417	321	440	37.6186905806143
2474	3472	321	446	37.0891335703599
2474	430	321	55	37.664264508948
2474	951	321	124	37.0642002746586
2504	430	324	55	37.1181127348899
2504	951	324	124	37.5945950104533
2510	2804	325	365	37.7262813698886
2510	3369	325	434	37.1565993061798
2526	2778	328	361	37.7724195677216
2526	2780	328	362	37.8065544714141
2537	2793	329	363	37.8062475921639
2537	3367	329	433	37.3530910769109
2543	3367	330	433	37.7161148847545
2642	3428	342	441	37.7906142977327
1002	2449	130	318	38.6788721914173
1002	2675	130	346	38.1162310046521
1010	3499	131	449	38.3316110279753
1011	2423	131	314	38.196436142656
1760	2503	232	324	38.9117644678316
2029	2824	264	367	38.8740166692355
2047	2771	266	360	38.2532357585604
2063	2804	268	365	38.3596824543687
2063	3369	268	434	38.9806933237468
2067	2812	269	366	38.5561013070564
2274	2642	294	342	38.8807754809495
2275	2510	294	325	38.7556996840465
2285	2483	296	322	38.6872360475648
2311	2510	300	325	38.335984740189
2336	2642	303	342	38.8430745436043
2337	2526	303	328	38.2671602683032
2423	3437	314	442	38.4284689000225
2423	3443	314	443	38.6496261689554
2423	3459	314	444	38.7144124325812
2449	3420	318	440	38.9451357809932
2449	430	318	55	38.3400910536216
2483	3397	322	438	38.1227498090051
2483	951	322	124	38.8868352659355
2504	3428	324	441	38.4174983308388
2504	3443	324	443	38.8491248163971
2510	2839	325	369	38.5933174526368
2526	2812	328	366	38.9329981635116
2526	2827	328	368	38.7237076478996
2526	3369	328	434	38.2777623823546
2543	2771	330	360	38.0068656166225
2582	2780	334	362	38.817934064038
2582	2839	334	369	38.2657103030899
2582	3393	334	437	38.8756259113599
2582	3397	334	438	38.4153790167428
2582	3407	334	439	38.9309709100608
2642	3437	342	442	38.5935012793605
2642	3442	342	443	38.522662356073
2642	951	342	124	38.5618659947882
2642	996	342	129	38.585695432375
1690	2423	222	314	39.2935105456359
1731	2483	229	322	39.5249625173763
2020	3346	263	430	39.8182264044997
2063	2275	268	294	39.0478324366411
2063	2334	268	302	39.9231648545052
2063	2839	268	369	39.4511104533193
2063	3414	268	439	39.9304685422047
2063	3509	268	450	39.9562285632666
2067	2275	269	294	39.2750943092439
2067	2335	269	302	39.6219932991766
2067	2804	269	365	39.1055050216718
2067	2839	269	369	39.6178200939931
2067	3414	269	439	39.4380144150285
2067	996	269	129	39.7310735067655
2284	2504	296	324	39.7856939866581
2311	383	300	50	39.5428419944748
2335	2510	302	325	39.578312495608
2391	383	310	50	39.7873945490277
2423	392	314	51	39.9374479029394
2449	3499	318	449	39.8806363163879
2474	3428	321	441	39.3038910796374
2474	3437	321	442	39.7178775364444
2474	3443	321	443	39.61792630868
2474	3460	321	444	39.7015905348891
2483	3393	322	437	39.609504414976
2483	3482	322	447	39.8666006827771
2503	3437	324	442	39.8994457856246
2504	3454	324	444	39.7645522796372
2510	3411	325	439	39.9062038911245
2526	3499	328	449	39.7048643241606
2537	2824	329	367	39.6081294938299
2537	3512	329	450	39.9014732309473
2543	2793	330	363	39.0731510119161
2543	3510	330	450	39.6900003275384
2582	2778	334	361	39.1966754712693
2582	2804	334	365	39.3166355249276
2582	3417	334	440	39.3575462395714
2582	430	334	55	39.6656798000488
2642	3454	342	444	39.5244704075842
2675	383	346	50	39.2687485158364
1002	2474	130	321	40.1798284341782
1020	2449	132	318	40.4609940807193
1020	2474	132	321	40.8947819287498
1731	2503	229	324	40.901834812145
2020	2771	263	360	40.2829501650512
2028	3512	264	450	40.7615410650775
2029	2337	264	303	40.6133151318629
2029	2778	264	361	40.543508740611
2029	2780	264	362	40.841540715306
2063	2282	268	295	40.8600315956804
2063	996	268	129	40.4968314192605
2067	2282	269	295	40.3759092157687
2067	3369	269	434	40.4242791030341
2282	2642	295	342	40.9113616126376
2311	3467	300	445	40.7251690972548
2449	3428	318	441	40.8296931288982
2449	3472	318	446	40.5530594900064
2449	947	318	123	40.330194817283
2474	947	321	123	40.4996215414416
2483	3499	322	449	40.5887576183356
2483	430	322	55	40.1557274370668
2504	947	324	123	40.4581339287911
2510	3499	325	449	40.6190443757605
2510	996	325	129	40.3755081577929
2526	2804	328	365	40.4163479423859
2526	2839	328	369	40.6950599090356
2543	2824	330	367	40.1865769754031
2582	3428	334	441	40.0536018979567
2582	3437	334	442	40.602134882294
2582	3442	334	443	40.3288484462425
2642	393	342	51	40.7391756666725
2642	947	342	123	40.6736303026912
1010	2675	131	346	41.8872125952539
1020	2504	132	324	41.6113188567726
1760	2067	232	269	41.3169855265362
1760	2642	232	342	41.3762939978921
2020	3367	263	433	41.5440402464662
2029	2827	264	368	41.8692224551639
2047	2337	266	303	41.5653077096754
2047	2793	266	363	41.2263589709302
2067	3507	269	450	41.588036104149
2274	2582	294	334	41.9841614897809
2275	2526	294	328	41.7056374486711
2282	2510	295	325	41.0428787245729
2306	2526	299	328	41.9347566226394
2306	2642	299	342	41.5374559042799
2311	3499	300	449	41.2666239714373
2335	2642	302	342	41.7193123025776
2337	2582	303	334	41.4573979284759
2423	395	314	52	41.9220359238432
2449	3437	318	442	41.6769076947894
2449	3443	318	443	41.9394921046977
2474	393	321	51	41.9350995110301
2483	3417	322	440	41.0462231392853
2504	391	324	51	41.8391389251739
2510	3393	325	437	41.9867623067081
2510	3397	325	438	41.0036295222752
2510	3482	325	447	41.4415798564678
2526	3411	328	439	41.4879744022289
2537	2785	329	362	41.5355499421881
2543	3499	330	449	41.9363512599749
2582	3454	334	444	41.2137296662168
2582	951	334	124	41.7981162613819
2582	996	334	129	41.9938748628892
1002	2483	130	322	42.1165051494067
1002	2504	130	324	42.2475606278043
1011	2449	131	318	42.4388698600705
1020	2642	132	342	42.5756313634924
1050	2423	137	314	42.1689483980808
1050	2675	137	346	42.5341070671526
1731	2067	229	269	42.8304877628075
1760	2063	232	268	42.1336845053931
1760	2510	232	325	42.2765031903066
2020	2793	263	363	42.0681785914246
2028	2812	264	366	42.9654550191197
2028	3369	264	434	42.5895173017962
2047	2778	266	361	42.509679391875
2047	3346	266	430	42.6747392024837
2047	3367	266	433	42.9629530875148
2063	2284	268	296	42.8752733635601
2063	3397	268	438	42.2535753516789
2067	2284	269	296	42.6752725943256
2067	3397	269	438	42.3283145305834
2067	951	269	124	42.3270574101248
2285	2510	296	325	42.9965656535496
2311	2526	300	328	42.9160727583501
2337	2537	303	329	42.6820324492637
2449	3454	318	444	42.7542899017163
2483	3428	322	441	42.5747893124558
2483	3472	322	446	42.2822947106706
2483	947	322	123	42.3990081723618
2510	951	325	124	42.6563586115833
2526	3397	328	438	42.3845471958826
2526	3482	328	447	42.157456493484
2537	2778	329	361	42.3075027506943
2537	3369	329	434	42.3636886732022
2537	3499	329	449	42.9536519751232
2543	3369	330	434	42.4957535407951
2642	3466	342	445	42.2759459149053
2642	395	342	52	42.4936863427969
1011	2474	131	321	43.8827620370459
1020	2483	132	322	43.0970763045476
1690	3499	222	449	43.1145809326729
1731	2063	229	268	43.6160315824354
2020	2824	263	367	43.0896190166495
2020	3512	263	450	43.8410925616596
2028	3414	264	439	43.9784952675737
2028	3499	264	449	43.8607935860718
2029	2804	264	365	43.7047527163809
2029	2839	264	369	43.7448146870004
2047	2780	266	362	43.471399758922
2047	2824	266	367	43.2788029524847
2063	3393	268	437	43.4975068365993
2063	3482	268	447	43.4143485612764
2063	3499	268	449	43.5396195435835
2063	951	268	124	43.235404866845
2311	2642	300	342	43.0230281244824
2335	2526	302	328	43.3886721276418
2423	3467	314	445	43.9225194404875
2449	388	318	51	43.678526818106
2483	3437	322	442	43.631487380102
2483	3443	322	443	43.8704744674593
2503	3466	324	445	43.9965470008727
2504	395	324	52	43.2219212900121
2510	3417	325	440	43.5728045803802
2510	3472	325	446	43.2281004324733
2510	430	325	55	43.136812040298
2526	3393	328	437	43.2311654018256
2526	3472	328	446	43.2483858427109
2526	996	328	129	43.0536076304878
2537	2812	329	366	43.3615649510024
2537	2827	329	368	43.282907631073
2543	2778	330	361	43.7981435451321
2543	2780	330	362	43.7593693853099
2543	2827	330	368	43.6729063150141
2582	3466	334	445	43.4469778120412
2582	388	334	51	43.8388728071332
2582	947	334	123	43.6932597547951
1002	2642	130	342	44.6060206698602
1690	2449	222	318	44.0743250657341
1729	2510	229	325	44.6833563309652
1731	2642	229	342	44.0420185731762
1760	2582	232	334	44.832966921675
2029	2275	264	294	44.6423980762683
2029	2306	264	299	44.3158501215987
2063	430	268	55	44.3919856843552
2067	3393	269	437	44.1481486588056
2067	3482	269	447	44.6484822138446
2067	430	269	55	44.0106150831819
2282	2526	295	328	44.2923189164893
2282	2582	295	334	44.2796032841307
2284	2642	296	342	44.3989031058201
2306	2582	299	334	44.7287120427137
2335	2582	302	334	44.7365809265751
2337	2543	303	330	44.6617564029898
2449	395	318	52	44.6474506439058
2474	3466	321	445	44.3766709657225
2474	395	321	52	44.0098369685688
2483	3454	322	444	44.8705981796543
2510	3428	325	441	44.98727777939
2526	3417	328	440	44.4417903554751
2526	430	328	55	44.1803342902699
2526	951	328	124	44.5032786544991
2537	2804	329	365	44.9113611016188
2543	2812	330	366	44.0211998019136
1002	2067	130	269	45.3347278143368
1011	2483	131	322	45.9776420774272
1011	2504	131	324	45.9918258606897
1020	2582	132	334	45.6789554390203
1050	2449	137	318	45.7577095799167
1690	2675	222	346	45.1202339754572
1760	2526	232	328	45.2888329171773
2020	2337	263	303	45.6495655729603
2020	2778	263	361	45.2742756319745
2020	2780	263	362	45.7646859816606
2020	2827	263	368	45.4977939025619
2027	996	264	129	45.8458791277908
2028	3397	264	438	45.6504864158094
2029	2311	264	300	45.0789174448544
2047	2306	266	299	45.2032718837918
2047	2311	266	300	45.429384686566
2047	2827	266	368	45.0070633567666
2047	3414	266	439	45.7740432668996
2063	3417	268	440	45.124469049508
2063	3472	268	446	45.6173956621813
2067	3417	269	440	45.2812115341452
2067	3499	269	449	45.3389185689293
2067	947	269	123	45.900952648066
2423	383	314	50	45.078281078586
2483	388	322	51	45.4584735885401
2510	3437	325	442	45.7684855550192
2510	3443	325	443	45.7396367606915
2510	947	325	123	45.901578197269
2526	3428	328	441	45.6197785286163
2537	2839	329	369	45.2593285632918
2537	3411	329	439	45.9907915239562
2543	2804	330	365	45.7716253043302
2543	2839	330	369	45.444561709846
2543	3411	330	439	45.6158513019323
2543	3482	330	447	45.9049251388127
2582	395	334	52	45.0717781876864
2642	383	342	50	45.062297877494
1002	2063	130	268	46.3990782128266
1002	2510	130	325	46.4596999882694
1020	2067	132	269	46.6464174401422
1020	2510	132	325	46.8182635837768
1050	2474	137	321	46.601780405903
1690	2474	222	321	46.079486379516
2020	2812	263	366	46.5997664586422
2020	3369	263	434	46.0805732060703
2020	3411	263	439	46.5390270848027
2020	3499	263	449	46.5520760546724
2027	951	264	124	46.9684120446923
2028	2335	264	302	46.9995940833535
2028	3393	264	437	46.9848174307403
2028	3482	264	447	46.2811319762168
2028	430	264	55	46.9411574314055
2029	2282	264	295	46.7038880394342
2047	2275	266	294	46.9960701442153
2047	2804	266	365	46.9802282348649
2047	2812	266	366	46.2513488451958
2047	2839	266	369	46.6845975135269
2047	996	266	129	46.4054228512143
2063	3428	268	441	46.6447818946557
2063	947	268	123	46.731732912444
2067	3428	269	441	46.7634137654641
2275	2537	294	329	46.3204350368172
2284	2526	296	328	46.9287249880071
2306	2537	299	329	46.3779067876074
2311	2582	300	334	46.2934037309853
2474	383	321	50	46.9856844900657
2483	395	322	52	46.3642874743051
2504	383	324	50	46.0548638148025
2510	3454	325	444	46.6502598706588
2526	3437	328	442	46.3603172659549
2526	3442	328	443	46.5216000262244
2526	3460	328	444	46.8931520586961
2537	3397	329	438	46.8195002536337
2537	3472	329	446	46.9659365178637
2537	3482	329	447	46.187589447816
2543	3397	330	438	46.4519134912653
2543	3472	330	446	46.3437736271012
1020	2063	132	268	47.4272706045794
1050	2504	137	324	47.5374495424397
1731	2526	229	328	47.3498154801051
1731	2582	229	334	47.5144880431222
1760	2028	232	264	47.9644139962118
2020	2839	263	369	47.0365673386143
2028	3417	264	440	47.6889577470508
2028	3472	264	446	47.4221545166392
2047	2282	266	295	47.7335406711046
2047	2335	266	302	47.9116551269104
2047	3369	266	434	47.5477971414029
2047	3507	266	450	47.7915191744309
2063	3437	268	442	47.5675437877551
2063	3443	268	443	47.6877915089387
2067	3472	269	446	47.0976458647351
2275	2543	294	330	47.1385845035678
2284	2582	296	334	47.6566943566169
2311	2537	300	329	47.3184684029397
2335	2537	302	329	47.8942401338616
2449	3466	318	445	47.417352403946
2449	383	318	50	47.9473682698018
2510	392	325	51	47.8972269030264
2526	947	328	123	47.3511357836325
2537	3393	329	437	47.5444775026501
2537	996	329	129	47.7233198447049
2543	3393	330	437	47.3251159322405
2543	3418	330	440	47.8496695286394
2543	430	330	55	47.7501124187158
2543	996	330	129	47.9792800904724
2582	383	334	50	47.4084273732002
1002	2582	130	334	48.0478854269363
1010	2642	131	342	48.3985286243291
1020	2526	132	328	48.6764205134272
1050	2483	137	322	48.5456343042297
1050	2642	137	342	48.5305852633162
1690	2483	222	322	48.2122386744279
1760	2047	232	266	48.1948119718295
2020	2275	263	294	48.6403996796901
2020	2804	263	365	48.0182487081734
2020	3397	263	438	48.0523912516328
2020	430	263	55	48.6857239650393
2020	951	263	124	48.6627296912123
2020	996	263	129	48.1287894715835
2028	3428	264	441	48.7781177783645
2047	3397	266	438	48.7352025644708
2047	951	266	124	48.1389267952662
2063	3454	268	444	48.6121136960737
2067	3437	269	442	48.0458532758031
2067	3442	269	443	48.7476756881803
2067	3460	269	444	48.9120517868551
2282	2537	295	329	48.9841119752109
2306	2543	299	330	48.2753416663207
2483	3467	322	445	48.9439489518367
2526	391	328	51	48.9902895786502
2537	3417	329	440	48.7260384702061
2537	430	329	55	48.5362405116012
2538	951	329	124	48.8869583938293
2543	3428	330	441	48.9385828462574
2543	951	330	124	48.6382325439566
1002	2526	130	328	49.179115750489
1010	2067	131	269	49.7530013667517
1690	2503	222	324	49.7598263964013
1731	2029	229	264	49.5372818289417
1731	2047	229	266	49.9689506193596
1760	2537	232	329	49.9797670462759
2020	2306	263	299	49.2573450664975
2020	3393	263	437	49.830910667978
2020	3417	263	440	49.8464196908865
2020	3482	263	447	49.3619974271706
2027	947	264	123	49.8426058809127
2028	2285	264	296	49.9328634668592
2028	3437	264	442	49.8490439828087
2028	3443	264	443	49.8590115726335
2047	430	266	55	49.6605348944209
2063	388	268	51	49.6598491137458
2067	388	269	51	49.3666264899679
2282	2543	295	330	49.7513366353106
2311	2543	300	330	49.3471272821428
2335	2543	302	330	49.4470573543057
2483	383	322	50	49.6633106427673
2510	395	325	52	49.3177328351578
2537	3428	329	441	49.8288105015562
2543	3437	330	442	49.7423735360507
2543	3442	330	443	49.7177975879865
1010	2063	131	268	50.8135458908351
1010	2510	131	325	50.791271435159
1760	2020	232	263	50.4988805519489
1760	2543	232	330	50.456015706752
2020	2282	263	295	50.2252231951238
2020	2311	263	300	50.0222113565564
2020	2335	263	302	50.9357649888563
2020	3428	263	441	50.7425729836397
2020	3472	263	446	50.330450941751
2028	3454	264	444	50.9831713999826
2047	2284	266	296	50.5027304707379
2047	3393	266	437	50.928845618176
2047	3499	266	449	50.9050814064765
2063	395	268	52	50.6089213479205
2067	395	269	52	50.118490051078
2510	3466	325	445	50.4296394593497
2526	3466	328	445	50.413611148181
2526	395	328	52	50.1664295819426
2537	3437	329	442	50.5107593488754
2537	3442	329	443	50.57183000446
2537	3460	329	444	50.9946469837766
2543	3454	330	444	50.5582712817596
1002	2027	130	264	51.6360814644179
1002	2047	130	266	51.7246244838955
1010	2582	131	334	51.7489698738052
1020	2027	132	264	51.3515185656666
1050	2067	137	269	51.8790289616142
1050	2582	137	334	51.6866559955275
1690	2067	222	269	51.2696969953988
2020	947	263	123	51.3166505337205
2027	393	264	51	51.8108896758201
2047	3417	266	440	51.3194833761993
2047	3482	266	447	51.3790002432901
2047	947	266	123	51.4435406052111
2284	2537	296	329	51.5710406720671
2537	947	329	123	51.7902414456623
2543	393	330	51	51.8362175896351
2543	947	330	123	51.115163992694
1011	2526	131	328	52.9942720772727
1020	2047	132	266	52.6347720238247
1020	2543	132	330	52.8374284764124
1050	2063	137	268	52.8916429032036
1050	2510	137	325	52.4927193142059
1690	2063	222	268	52.357493169555
1690	2510	222	325	52.8102897075939
1690	2642	222	342	52.2470664056845
1729	2537	229	329	52.8497502832322
1731	2020	229	263	52.8239574814307
1731	2543	229	330	52.7798542438305
2020	3437	263	442	52.1343399785592
2020	3442	263	443	52.380978408197
2027	395	264	52	52.9712691371464
2047	3428	266	441	52.5499039865916
2063	3466	268	445	52.7243965162239
2284	2543	296	330	52.7421927018587
2510	383	325	50	52.3986966727227
2537	393	329	51	52.7116657771314
1002	2020	130	263	53.731177280979
1002	2537	130	329	53.8356411775693
1002	2543	130	330	53.9988443394856
1020	2020	132	263	53.1040890892594
1020	2537	132	329	53.2155509132434
2020	2284	263	296	53.5393359409696
2020	3454	263	444	53.5979366114032
2020	388	263	51	53.5374100326118
2047	3472	266	446	53.3876871385154
2063	383	268	50	53.8556374115097
2067	3466	269	445	53.8868793399655
2067	383	269	50	53.5518317333777
2526	383	328	50	53.057093606793
2543	3466	330	445	53.3047446762481
2543	395	330	52	53.4391985437656
1050	2526	137	328	54.5002980542309
2020	395	263	52	54.2674794973933
2027	3467	264	445	54.8411610927413
2047	3437	266	442	54.137361618387
2047	3442	266	443	54.7607097561746
2047	388	266	51	54.9157120048534
2537	3466	329	445	54.173500736061
2537	395	329	52	54.4423009249242
1010	2027	131	264	55.8318531485388
1011	2047	131	266	55.6454354192687
1690	2582	222	334	55.7276807161396
2028	383	264	50	55.8429875364848
2047	3454	266	444	55.8484253045688
2047	395	266	52	55.4893288569974
1050	2027	137	264	56.9284734118174
1690	2526	222	328	56.0385919344874
2020	3466	263	445	56.9004935918837
2543	383	330	50	56.1785615515385
1010	2020	131	263	57.8199595036178
1010	2538	131	329	57.967578015646
1011	2543	131	330	57.7931033688277
1050	2047	137	266	57.7411938394073
2020	383	263	50	57.3571013737619
2537	383	329	50	57.2643788842593
1050	2020	137	263	58.5917325738026
1050	2538	137	329	58.9133924842222
1050	2543	137	330	58.6744271211914
1690	2027	222	264	58.5536166346708
1690	2047	222	266	58.0003551196025
2047	383	266	50	58.9620668226615
2047	3466	266	445	59.9948537543013
1690	2020	222	263	60.9011214346665
1690	2537	222	329	60.7281290754129
1690	2543	222	330	61.2451506161916
