4042	4052	3	4	1.34376113948871
4061	4067	5	6	1.3228930417838
4431	4436	51	52	1.32491433685349
4438	4446	52	53	1.32606674040183
5453	5458	172	173	1.312593615709
5628	5635	195	196	1.32606975683782
5666	5670	200	201	1.32820593282818
5682	5688	203	204	1.31942828528118
5690	5698	204	205	1.32973455997804
4037	4041	2	3	2.41585823259561
4053	4059	4	5	2.44368103483247
4075	4087	6	8	2.96936963007302
4086	4089	8	9	2.42462430079384
4477	4483	57	58	2.80131558379272
4576	4581	69	70	2.75551555974559
4656	4686	80	84	2.97825771215319
5497	5515	178	180	2.87048863436178
5659	5665	199	200	2.80401729666563
5673	5675	201	202	2.77141858982003
4037	4074	2	6	3.61834119452547
4043	4059	3	5	3.52924652015128
4043	4067	3	6	3.44350475533284
4069	4082	6	7	3.64103680289005
4079	4086	7	8	3.59642224995899
4211	4657	23	80	3.44640972607727
4308	4336	35	39	3.55054981657769
4439	4473	52	56	3.43558612175564
4539	4555	65	66	3.82992493399022
4576	4607	69	73	3.96127466858836
4604	4634	73	77	3.65816374701844
4684	4686	83	84	3.62215446937315
5160	5167	134	135	3.88912239457696
5176	5632	136	195	3.97906886092714
5445	5453	171	172	3.99731334773747
5462	5478	173	175	3.9754071489597
5478	5516	175	180	3.63842177324181
5634	5701	195	205	3.98340658231117
5637	5643	196	197	3.48377080187545
5637	5696	196	204	3.98571486687145
5644	5654	197	198	3.90463237706191
5655	5662	198	199	3.93136426701979
5673	5682	201	203	3.96158124995562
5673	5688	201	204	3.09315065911765
5676	5682	202	203	3.49672561119683
5676	5688	202	204	3.51558259752207
5682	5698	203	205	3.17186081031313
4037	4052	2	4	4.50937179660316
4039	4107	2	10	4.12929267550751
4052	4067	4	6	4.88790865299259
4061	4082	5	7	4.5081238891583
4075	4089	6	9	4.15350081256762
4097	4221	9	24	4.27719510894696
4211	4631	23	76	4.14682842664127
4246	4631	27	76	4.82927292664228
4358	4387	41	45	4.06866562892555
4430	4446	51	53	4.91367276077681
4483	4520	58	62	4.89314479654957
4520	4545	62	65	4.49606739273333
4539	4577	65	69	4.66952481522477
4576	4599	69	72	4.56663092443435
4581	4607	70	73	4.75014220839758
4604	4631	73	76	4.76532926459442
4631	4634	76	77	4.5025531645945
4634	4657	77	80	4.08425721521063
4656	4684	80	83	4.80781696822995
4691	4702	84	85	4.79980395432981
5347	5357	158	159	4.3418470723875
5365	5653	160	198	4.84184324405487
5433	5442	169	171	4.48016807720424
5445	5458	171	173	4.56643602823914
5449	5644	171	197	4.98519297520166
5453	5516	172	180	4.97231384769707
5458	5516	173	180	4.21233961118994
5463	5654	173	198	4.89369727302374
5464	5644	173	197	4.62767176882717
5478	5497	175	178	4.29829780261908
5643	5696	197	204	4.44508402620243
5659	5670	199	201	4.56450391608988
5660	5693	199	204	4.60720793973963
5665	5692	200	204	4.66198691546857
4038	5175	2	136	5.92011334350956
4074	4107	6	10	5.47423857719046
4079	4089	7	9	5.88502319451676
4181	4684	20	83	5.47389386086357
4181	4721	20	87	5.97492184049298
4181	5433	20	169	5.21231551232272
4210	4246	23	27	5.53508039688676
4358	4365	41	42	5.76384940816464
4365	4387	42	45	5.98370654360657
4365	4396	42	46	5.92480050297054
4446	4473	53	56	5.60891647290274
4449	4465	53	55	5.99881963389465
4485	4545	58	65	5.89876478595306
4556	4584	66	70	5.89501034774325
4631	4657	76	80	5.00509400511119
4687	4721	84	87	5.57381565895394
4689	4734	84	88	5.02671900945339
4721	5433	87	169	5.21511246283338
5167	5634	135	195	5.78602946760556
5167	5701	135	205	5.01307061590002
5357	5665	159	200	5.56031734705851
5365	5659	160	199	5.99312823156655
5628	5691	195	204	5.96462220094447
5666	5675	200	202	5.84347644814284
5673	5698	201	205	5.46298920006254
5676	5698	202	205	5.6376648534655
4096	4181	9	20	6.91712584821182
4181	4208	20	23	6.92154505872786
4208	4684	23	83	6.25482118049749
4211	4634	23	77	6.13887001002628
4221	4246	24	27	6.38887470529828
4303	4308	34	35	6.28537946348508
4336	4365	39	42	6.21704986307815
4387	4394	45	46	6.4729304028392
4431	4473	51	56	6.82102287050848
4477	4520	57	62	6.88856828375824
4556	4577	66	69	6.74499859154914
4599	4604	72	73	6.27551312643037
4656	4702	80	85	6.94191104811926
4684	4721	83	87	6.13419766554679
4721	4734	87	88	6.18861511163847
5154	5174	134	136	6.85126039499303
5347	5481	158	176	6.28683052101773
5357	5659	159	199	6.57739310061364
5357	5670	159	201	6.46190095869629
5365	5462	160	173	6.61736480783703
5365	5478	160	175	6.41695075561594
5453	5478	172	175	6.73629571797439
5478	5482	175	176	6.79073059397882
5628	5643	195	197	6.05990148434773
5635	5698	196	205	6.8803970815644
5643	5659	197	199	6.83144589380609
5653	5696	198	204	6.84256450462836
5665	5682	200	203	6.63717937078697
4037	4059	2	5	7.10030104995554
4039	4087	2	8	7.10100288691677
4043	4087	3	8	7.90614147356344
4061	4087	5	8	7.85215728319294
4079	4221	7	24	7.80328328333657
4086	4221	8	24	7.57899432642617
4087	4107	8	10	7.31841089308328
4089	4107	9	10	7.17234278321942
4097	4208	9	23	7.94527211617072
4107	5175	10	136	7.54877579478951
4107	5633	10	195	7.23456384310763
4208	4686	23	84	7.95990018781642
4303	4599	34	72	7.52394118796792
4308	4365	35	42	7.95502614703434
4358	4548	41	65	7.72820787763891
4477	4547	57	65	7.30623165523788
4520	4555	62	66	7.25386779587277
4539	4581	65	70	7.81818393234644
4581	4599	70	72	7.04049628932508
4599	4631	72	76	7.09468463005931
4604	4657	73	80	7.30820422538945
4721	5442	87	171	7.29377035558428
5167	5174	135	136	7.14315931503701
5174	5701	136	205	7.96286217386692
5347	5365	158	160	7.77891727684517
5357	5365	159	160	7.84389686316694
5445	5514	171	180	7.97948381789201
5447	5637	171	196	7.88265640504517
5449	5628	171	195	7.87505212681161
5449	5654	171	198	7.82968230517691
5453	5643	172	197	7.77318634795281
5458	5497	173	178	7.98394726936494
5482	5497	176	178	7.63601401255913
5637	5653	196	198	7.96609553043396
5638	5660	196	199	7.64459449545887
5653	5665	198	200	7.44296184324494
5665	5698	200	205	7.69150186894603
4041	4107	3	10	8.00043486318088
4041	5175	3	136	8.59098678848945
4043	4082	3	7	8.38680117804157
4096	5450	9	171	8.43210940393919
4181	4656	20	80	8.91415873764878
4181	4686	20	84	8.25062718828091
4181	5442	20	171	8.74134045784743
4208	4221	23	24	8.00286180063107
4211	4604	23	73	8.24528137785486
4246	4599	27	72	8.49884197994055
4246	4657	27	80	8.23791217481712
4303	4574	34	69	8.36323466130182
4336	4358	39	41	8.73902563218578
4388	4473	45	56	8.12915991969651
4388	4548	45	65	8.71945646241783
4439	4465	52	55	8.81162402738562
4465	4473	55	56	8.95083381590786
4473	4477	56	57	8.24653442362306
4656	4721	80	87	8.32595393933933
4684	5433	83	169	8.79539180480323
4702	4734	85	88	8.96909822668922
5160	5701	134	205	8.67669003710516
5167	5690	135	204	8.94535443680127
5176	5635	136	196	8.28741057266985
5347	5665	158	200	8.87132374564246
5365	5482	160	176	8.81081023516
5365	5643	160	197	8.93567473669446
5365	5665	160	200	8.07336082434076
5453	5497	172	178	8.91925848935887
5453	5654	172	198	8.50329471440336
5464	5636	173	196	8.78887433065235
5478	5653	175	198	8.73014140778944
5481	5516	176	180	8.92487792633606
5635	5682	196	203	8.40303403539463
5636	5665	196	200	8.48690338109257
5643	5665	197	200	8.1984586356217
5655	5670	198	201	8.92023592737321
5659	5682	199	203	8.85745025388234
5660	5698	199	205	8.21696178645124
5663	5675	199	202	8.31302321661621
4052	4082	4	7	9.71866379704533
4052	4107	4	10	9.99682934734809
4052	5175	4	136	9.78941821560404
4074	5175	6	136	9.78938486320772
4094	5433	9	169	9.88365448606942
4097	4246	9	27	9.37706297302092
4246	4604	27	73	9.24297625226853
4246	4634	27	77	9.22117313577833
4303	4336	34	39	9.47977526104917
4308	4358	35	41	9.6674309410515
4336	4396	39	46	9.75060941685187
4358	4394	41	46	9.50926053907453
4388	4439	45	52	9.83825253792564
4465	4477	55	57	9.59953009266598
4465	4483	55	58	9.81921325769023
4473	4549	56	65	9.95762767932204
4485	4555	58	66	9.04173069716192
4539	4607	65	73	9.63258277929653
4556	4607	66	73	9.41428834272673
4576	4631	69	76	9.20098103465058
4576	4634	69	77	9.83960715679237
4581	4637	70	77	9.59952816548814
4599	4634	72	77	9.3087342318921
4634	4686	77	84	9.48400453395084
4684	4702	83	85	9.97029834057136
4734	5445	88	171	9.71459551396763
5154	5634	134	195	9.27172847963097
5167	5682	135	203	9.95100693397411
5347	5659	158	199	9.26154717096447
5365	5516	160	180	9.62310386517782
5433	5453	169	172	9.85636469495724
5445	5478	171	175	9.61925953491225
5449	5696	171	204	9.56312595336903
5453	5628	172	195	9.97368287043457
5453	5636	172	196	9.23111461308979
5462	5482	173	176	9.97195978732364
5462	5659	173	199	9.74596711465827
5464	5628	173	195	9.9270621535276
5464	5696	173	204	9.60230664996697
5628	5682	195	203	9.60506689201069
5636	5670	196	201	9.95884350715482
5643	5670	197	201	9.96700882913221
5643	5698	197	205	9.2052257441086
4041	4089	3	9	10.5677012164425
4052	4087	4	8	10.0724271652864
4061	4089	5	9	10.4369894605676
4074	5633	6	195	10.6429654702062
4079	4107	7	10	10.5233129289212
4107	5450	10	171	10.0653899576718
4181	4221	20	24	10.2588152824778
4208	4721	23	87	10.3858446454778
4211	4599	23	72	10.8196202336311
4221	4631	24	76	10.8018684031977
4303	4358	34	41	10.9862480401637
4303	4539	34	65	10.1694725035274
4303	4607	34	73	10.9390465763704
4336	4387	39	45	10.6381711304153
4388	4430	45	51	10.683738343857
4473	4483	56	58	10.115053484782
4539	4599	65	72	10.7671060178676
4581	4631	70	76	10.9586974590961
4634	4684	77	83	10.8651730312959
4634	4702	77	85	10.2017431843779
4656	4734	80	88	10.9326839339661
4684	4734	83	88	10.306164077871
4686	5433	84	169	10.6666316145258
4692	5445	84	171	10.4943798768674
4702	4721	85	87	10.7488292385729
4721	5453	87	172	10.6944470170271
4734	5433	88	169	10.3854395670092
4734	5514	88	180	10.2129598060504
5167	5635	135	196	10.8003473092304
5167	5677	135	202	10.8423848391394
5176	5691	136	204	10.3193509970347
5347	5478	158	175	10.1647233607216
5347	5670	158	201	10.3930103434953
5357	5481	159	176	10.4084380192227
5357	5653	159	198	10.2727666185892
5357	5675	159	202	10.226378733452
5357	5682	159	203	10.8750630802768
5357	5688	159	204	10.4001224031258
5365	5453	160	172	10.0296301527025
5365	5497	160	178	10.4648111784207
5365	5670	160	201	10.0701434945089
5365	5696	160	204	10.3302961719401
5433	5458	169	173	10.7480169798898
5445	5497	171	178	10.9844194202516
5478	5643	175	197	10.9231637358414
5516	5644	180	197	10.9694479350604
5516	5653	180	198	10.8249647574484
5628	5653	195	198	10.7606516995951
5628	5659	195	199	10.9388849066072
5628	5665	195	200	10.785283213713
5638	5676	196	202	10.9824673457288
5643	5682	197	203	10.6993084823273
4041	5633	3	195	11.4583233502987
4053	5159	4	134	11.9334402416068
4059	4107	5	10	11.5916296524691
4069	4221	6	24	11.8620929434902
4096	4684	9	83	11.8083440837401
4107	5433	10	169	11.8343238505628
4107	5635	10	196	11.3838971797886
4208	5433	23	169	11.9738497151083
4246	4303	27	34	11.0241939387875
4246	4576	27	69	11.8893535989136
4303	4365	34	42	11.071907965658
4303	4581	34	70	11.895027322373
4358	4473	41	56	11.8872195655671
4365	4548	42	65	11.6786232493389
4388	4446	45	53	11.7620973044776
4394	4435	46	51	11.7385384950598
4439	4477	52	57	11.1970361256897
4599	4657	72	80	11.7773196441296
4631	4684	76	83	11.3274844515453
4631	4686	76	84	11.176698752315
4721	5458	87	173	11.0886855397743
4734	5453	88	172	11.83369283022
4734	5458	88	173	11.8960088264931
4734	5497	88	178	11.7444954766052
5347	5459	158	173	11.6027963439854
5347	5653	158	198	11.4081829403284
5365	5636	160	196	11.8947288325544
5449	5660	171	199	11.8570125242407
5453	5659	172	199	11.9604244489901
5453	5696	172	204	11.6750767877561
5459	5665	173	200	11.6663582149701
5478	5659	175	199	11.3801216601581
5628	5673	195	201	11.8761595644383
5634	5677	195	202	11.9067230588437
5653	5698	198	205	11.828359226875
4041	5154	3	134	12.5370259232403
4052	4089	4	9	12.0999096690843
4052	5633	4	195	12.4574075553464
4059	5175	5	136	12.4631080393295
4087	5450	8	171	12.6361611654806
4087	5633	8	195	12.7697288146617
4094	4721	9	87	12.7552694993089
4097	4631	9	76	12.8087454889228
4097	4657	9	80	12.6856799187115
4107	4181	10	20	12.7832461448569
4181	4246	20	27	12.0243457618284
4181	4631	20	76	12.9501111192144
4181	4734	20	88	12.0762801391819
4210	4702	23	85	12.6793003355864
4221	4657	24	80	12.3534023248658
4246	4684	27	83	12.3401243510752
4303	4631	34	76	12.3179000239489
4308	4387	35	45	12.4625821160785
4308	4396	35	46	12.7060434439679
4388	4477	45	57	12.868612240642
4431	4465	51	55	12.6477361215357
4439	4483	52	58	12.8721536271131
4446	4477	53	57	12.9330400911773
4473	4520	56	62	12.4659607331325
4477	4555	57	66	12.5039300621845
4520	4577	62	69	12.7533786503812
4556	4599	66	72	12.6641714296672
4604	4693	73	84	12.6719050659323
4656	5433	80	169	12.3380921134509
4684	5442	83	171	12.4132939625226
4721	5514	87	180	12.2254521797764
5158	5690	134	204	12.8352193982027
5160	5677	134	202	12.6521715132225
5160	5682	134	203	12.744793368274
5167	5673	135	201	12.763765941132
5176	5682	136	203	12.9790870634263
5347	5516	158	180	12.5049063171221
5357	5459	159	173	12.8738775433045
5357	5478	159	175	12.4124594259156
5357	5636	159	196	12.7065488626928
5357	5643	159	197	12.3792434744616
5357	5698	159	205	12.7958580017129
5365	5445	160	171	12.9490754496219
5453	5481	172	176	12.0706474971312
5497	5653	178	198	12.8791374322972
5653	5682	198	203	12.5539680977769
4042	5167	3	135	13.9087552282726
4052	5167	4	135	13.9770551261702
4059	5159	5	134	13.2754884279261
4059	5633	5	195	13.8175306766441
4075	4181	6	20	13.5096398915737
4075	5450	6	171	13.3208536137892
4087	5175	8	136	13.6254785604029
4089	5633	9	195	13.3682223575164
4097	4686	9	84	13.9516146019018
4107	5167	10	135	13.4777930315018
4107	5643	10	197	13.78981384936
4107	5701	10	205	13.2503282223498
4211	4576	23	69	13.3056336188849
4221	4684	24	83	13.1637642412799
4221	5450	24	171	13.4262264989087
4246	4686	27	84	13.4190381920613
4303	4555	34	66	13.8169800607803
4308	4599	35	72	13.1648326992788
4358	4520	41	62	13.7989366981663
4388	4485	45	58	13.8775265087118
4388	4520	45	62	13.8558516880053
4394	4436	46	52	13.1956754279575
4394	4452	46	53	13.6516965612337
4394	4473	46	56	13.7936988875356
4439	4547	52	65	13.9414349691845
4449	4483	53	58	13.2510570899079
4465	4520	55	62	13.2702169914437
4576	4657	69	80	13.1829836531796
4604	4702	73	85	13.5028968003166
4631	4702	76	85	13.6590029284718
4692	5453	84	172	13.6903488268196
4692	5458	84	173	13.5745095307345
4692	5500	84	178	13.8480823582184
4692	5514	84	180	13.7914523165619
4734	5478	88	175	13.8198754697718
5176	5449	136	171	13.4974434986778
5176	5643	136	197	13.2154973799702
5347	5453	158	172	13.5747533679253
5347	5497	158	178	13.0693071354223
5347	5636	158	196	13.9215558038604
5347	5643	158	197	13.5691425300201
5347	5688	158	204	13.688051504871
5433	5514	169	180	13.3408387667343
5433	5627	169	195	13.438735394374
5433	5643	169	197	13.6065662457506
5449	5665	171	200	13.7913153107309
5449	5698	171	205	13.6278069035337
5453	5665	172	200	13.2339863231001
5462	5670	173	201	13.8415636038708
5478	5636	175	196	13.3960578156411
5478	5665	175	200	13.0453400875562
5478	5696	175	204	13.9974569833238
5481	5653	176	198	13.2830108785621
5481	5659	176	199	13.3422234278999
5481	5665	176	200	13.8034685858302
5516	5636	180	196	13.4060364761551
5516	5659	180	199	13.6795190704937
5643	5675	197	202	13.5645320966113
5653	5675	198	202	13.8959541593947
4061	4221	5	24	14.9001633883659
4067	5159	6	134	14.8853975089683
4075	5433	6	169	14.6087461816543
4079	5450	7	171	14.5446650012986
4079	5633	7	195	14.7418761696061
4086	5433	8	169	14.3487666717387
4089	5175	9	136	14.3396487055994
4096	5643	9	197	14.8728830426384
4107	4221	10	24	14.1469696048306
4107	5154	10	134	14.2687713906979
4107	5691	10	204	14.7369285809493
4181	4634	20	77	14.1348515733276
4181	4702	20	85	14.3378131177666
4208	5442	23	171	14.9086008397837
4211	4581	23	70	14.9451405480176
4221	4599	24	72	14.5186766270208
4221	4634	24	77	14.7362659449401
4221	5433	24	169	14.5686363809383
4246	4308	27	35	14.4783853726857
4246	4581	27	70	14.2438855302898
4303	4387	34	45	14.534803541844
4308	4540	35	65	14.4733933477951
4308	4574	35	69	14.4383748739254
4358	4436	41	52	14.9172941916421
4358	4477	41	57	14.3915023190771
4358	4485	41	58	14.3735550925997
4358	4577	41	69	14.6108432679295
4365	4473	42	56	14.9226199107261
4431	4477	51	57	14.8075042123918
4465	4547	55	65	14.5289884369146
4485	4577	58	69	14.7307651871856
4520	4584	62	70	14.9565929943955
4581	4657	70	80	14.2571455067275
4604	4684	73	83	14.2204380734209
4631	4721	76	87	14.9780043063153
4634	4721	77	87	14.6009579822695
4656	5442	80	171	14.979761112915
4721	5478	87	175	14.9451310131427
4721	5497	87	178	14.6232582210669
4721	5644	87	197	14.8207820981215
5154	5635	134	196	14.4507821933624
5167	5643	135	197	14.7615594365907
5347	5675	158	202	14.2410340214466
5347	5682	158	203	14.0361034835171
5357	5453	159	172	14.8377304531387
5357	5516	159	180	14.9532858596364
5365	5628	160	195	14.0236878530577
5365	5682	160	203	14.4048172845059
5365	5698	160	205	14.680724573399
5433	5635	169	196	14.2732790206035
5464	5698	173	205	14.3721364452193
5497	5643	178	197	14.7787130021528
5516	5628	180	195	14.5696398376899
4039	5433	2	169	15.8438046251524
4059	5167	5	135	15.2973540522536
4074	5167	6	135	15.1199612764054
4094	5635	9	196	15.9573009622555
4096	5453	9	172	15.9522934401295
4096	5464	9	173	15.5972775509061
4097	4634	9	77	15.941783651775
4208	4734	23	88	15.3120098615433
4211	4303	23	34	15.5497130841698
4221	4303	24	34	15.0492100789377
4221	4604	24	73	15.4783649653315
4221	4686	24	84	15.4396470814588
4221	4721	24	87	15.4151428147779
4246	4721	27	87	15.6833745093331
4303	4634	34	77	15.7553849207184
4336	4546	39	65	15.3040566190798
4358	4430	41	51	15.1135509063886
4358	4555	41	66	15.7354338993242
4394	4548	46	65	15.8464439228491
4439	4520	52	62	15.3277565546951
4446	4548	53	65	15.9466041526088
4449	4520	53	62	15.8776337657725
4556	4637	66	77	15.8141748124902
4692	5478	84	175	15.8222454474705
4702	5433	85	169	15.8700611214954
4703	5500	85	178	15.9702987448576
5160	5673	134	201	15.1520863249917
5167	5660	135	199	15.3239864591431
5167	5665	135	200	15.546083912034
5174	5677	136	202	15.965191887353
5347	5698	158	205	15.8062047943205
5357	5628	159	195	15.114705256802
5365	5675	160	202	15.0090900457023
5433	5478	169	175	15.8605845100362
5433	5654	169	198	15.6066233375449
5445	5481	171	176	15.7495365328635
5449	5670	171	201	15.5569403482818
5449	5682	171	203	15.6407249192613
5453	5670	172	201	15.5675154408146
5453	5698	172	205	15.7835672457148
5459	5682	173	203	15.7187607017856
5478	5628	175	195	15.0087104709232
5478	5670	175	201	15.3793173125467
5481	5643	176	197	15.431803167485
5481	5670	176	201	15.8059808300529
5497	5659	178	199	15.6642044483593
5516	5665	180	200	15.0971298927975
5516	5696	180	204	15.1463630948159
4041	5701	3	205	16.4510143760195
4052	5701	4	205	16.9918148236144
4073	5635	6	196	16.7449514182634
4074	5701	6	205	16.4443674855557
4079	5174	7	136	16.9882965302587
4107	4721	10	87	16.5637533488035
4107	5453	10	172	16.120647505606
4107	5464	10	173	16.4910380813338
4181	4604	20	73	16.9686891951029
4221	4308	24	35	16.1977932756286
4246	5433	27	169	16.9100280898643
4246	5450	27	171	16.5998040349879
4303	4396	34	46	16.8737273594188
4303	4520	34	62	16.5603866500755
4336	4577	39	69	16.9473711825758
4336	4599	39	72	16.4969982724131
4358	4446	41	53	16.1087663401019
4358	4599	41	72	16.9425811787933
4365	4430	42	51	16.9025716682403
4365	4439	42	52	16.2987294290076
4365	4520	42	62	16.2877903350946
4365	4577	42	69	16.4985122056505
4388	4465	45	55	16.2554932561273
4430	4549	51	65	16.7798707086795
4431	4483	51	58	16.7983400965691
4485	4581	58	70	16.9614162439343
4520	4607	62	73	16.8770635479043
4539	4631	65	76	16.3833813970132
4539	4637	65	77	16.6748415584676
4634	4734	77	88	16.8448423857275
4684	5453	83	172	16.6290344277712
4702	5445	85	171	16.3229311399638
4703	5515	85	180	16.7749452160059
4721	5628	87	195	16.9525371847402
4721	5654	87	198	16.151141569561
5174	5673	136	201	16.8804920544396
5176	5433	136	169	16.4918427715037
5176	5453	136	172	16.9050715763051
5176	5660	136	199	16.9768410194594
5176	5665	136	200	16.998723805039
5347	5628	158	195	16.2455538225078
5357	5497	159	178	16.0499819626067
5433	5497	169	178	16.5458589683341
5453	5682	172	203	16.4988190486471
5481	5636	176	196	16.3063785679102
5481	5696	176	204	16.9720954805233
5497	5637	178	196	16.8593895796971
4041	5450	3	171	17.5556612236623
4041	5635	3	196	17.4374446809158
4075	5643	6	197	17.9926230439033
4079	5433	7	169	17.2017270644549
4086	5638	8	196	17.8930169898762
4087	5643	8	197	17.7525157653782
4094	5654	9	198	17.85504505735
4094	5697	9	204	17.9299415503788
4097	4599	9	72	17.7913064444408
4097	4604	9	73	17.5439160394708
4107	4208	10	23	17.7482645348778
4107	5654	10	198	17.8253539936799
4246	4336	27	39	17.950019582162
4246	4539	27	65	17.9726326118351
4246	4702	27	85	17.3181132344144
4303	4657	34	80	17.2918873752983
4308	4607	35	73	17.1490637353763
4308	4631	35	76	17.2506641611272
4365	4446	42	53	17.9503169052805
4365	4485	42	58	17.9642011233453
4388	4555	45	66	17.6507479161649
4389	4577	45	69	17.9562474364774
4477	4577	57	69	17.6817831114399
4556	4631	66	76	17.1655197998779
4599	4684	72	83	17.98562576059
4599	4686	72	84	17.9015493463555
4604	4721	73	87	17.9514001125261
4631	5433	76	169	17.621489522739
4684	5458	83	173	17.0329422590461
4692	5644	84	197	17.214309222272
4692	5654	84	198	17.4146007131947
4721	5635	87	196	17.8373972877211
4734	5644	88	197	17.7314410299896
5167	5449	135	171	17.0739887255439
5176	5458	136	173	17.8454731794929
5176	5653	136	198	17.9791485337877
5347	5445	158	171	17.4531713164113
5357	5447	159	171	17.2340098061942
5433	5696	169	204	17.4830771033019
5463	5676	173	202	17.8237245265966
5497	5665	178	200	17.2384228396916
5516	5670	180	201	17.5084342532392
4052	4221	4	24	18.3470453752096
4052	5635	4	196	18.7029831310409
4059	5701	5	205	18.3146371517429
4061	5450	5	171	18.8951795704619
4074	5691	6	204	18.5645522434558
4075	4684	6	83	18.4839932914941
4075	4721	6	87	18.6613574265111
4079	5638	7	196	18.7176110655179
4087	5159	8	134	18.3635329117248
4087	5167	8	135	18.1711653176124
4087	5697	8	204	18.9852023692138
4087	5701	8	205	18.7050934774462
4094	4734	9	88	18.9186030403939
4107	4684	10	83	18.1591129188625
4107	5682	10	203	18.3110760470269
4210	5464	23	173	18.8069299195802
4221	4576	24	69	18.1361770227355
4221	5633	24	195	18.7109540376754
4221	5644	24	197	18.9334900639052
4303	4485	34	58	18.639204865015
4308	4555	35	66	18.9569134882238
4308	4581	35	70	18.0837042665489
4358	4581	41	70	18.7676434588896
4365	4477	42	57	18.2173511521297
4365	4555	42	66	18.3842600068646
4365	4599	42	72	18.3571735569504
4473	4555	56	66	18.4789638508224
4520	4599	62	72	18.9179236968543
4576	4693	69	84	18.4079776455753
4581	4693	70	84	18.8132192619977
4631	4734	76	88	18.6072837888822
4631	5450	76	171	18.2851557554209
4634	5433	77	169	18.2995244746961
4656	5453	80	172	18.1483097284568
4656	5458	80	173	18.2119313088975
4684	5514	83	180	18.2714719166246
4702	5458	85	173	18.9766844575126
4734	5482	88	176	18.9830016067007
4734	5654	88	198	18.1480450462302
5158	5643	134	197	18.7297125979018
5158	5660	134	199	18.9632042123687
5160	5665	134	200	18.5580382045086
5167	5653	135	198	18.5202428709777
5449	5675	171	202	18.9119718961297
5478	5682	175	203	18.3990951407943
5478	5698	175	205	18.459696503464
5481	5628	176	195	18.2895998042603
5481	5682	176	203	18.9847427425288
5497	5628	178	195	18.3685781159022
5497	5696	178	204	18.1312346518377
4041	5433	3	169	19.4432176606651
4041	5691	3	204	19.3764363596612
4052	5449	4	171	19.8945878318703
4079	4657	7	80	19.8317915227041
4079	4684	7	83	19.0445669155274
4079	5159	7	134	19.238561328748
4079	5167	7	135	19.3961695703043
4079	5643	7	197	19.2766203728766
4087	5464	8	173	19.9723168661025
4089	5167	9	135	19.4544280820588
4089	5701	9	205	19.4042587335873
4097	4303	9	34	19.1561837013534
4097	4702	9	85	19.7838689340584
4107	4246	10	27	19.8626130456192
4107	5660	10	199	19.0233962793188
4181	4599	20	72	19.5495061830216
4208	5453	23	172	19.1409325269173
4208	5644	23	197	19.9082763442745
4211	4308	23	35	19.6634084024108
4221	4336	24	39	19.1634868173827
4221	5464	24	173	19.9749657821985
4246	4556	27	66	19.9150757216738
4308	4520	35	62	19.8766556794648
4358	4465	41	55	19.5168751853364
4358	4607	41	73	19.6198694694944
4430	4520	51	62	19.9128264442796
4477	4584	57	70	19.6303763336315
4485	4607	58	73	19.3185778462081
4576	4702	69	85	19.3399327041228
4581	4702	70	85	19.2318896887436
4599	4702	72	85	19.500047923018
4634	5445	77	171	19.8550819942905
4656	5500	80	178	19.3116791087673
4656	5514	80	180	19.0390839590565
4658	5644	80	197	19.9871130481618
4684	5500	83	178	19.8374386955574
4684	5644	83	197	19.635551303694
4702	5453	85	172	19.1673337999838
4703	5478	85	175	19.9905697267487
4721	5365	87	160	19.1410931244796
4721	5696	87	204	19.9703732814387
4734	5365	88	160	19.4336904626991
5365	5433	160	169	19.1664234013548
5433	5701	169	205	19.8947891418834
5453	5675	172	202	19.6293174868613
5497	5670	178	201	19.5744332485004
5516	5682	180	203	19.5657282256501
5516	5698	180	205	19.4098251924122
4041	5643	3	197	20.4502714896404
4052	5690	4	204	20.6082054531684
4059	5635	5	196	20.0891955289404
4075	4658	6	80	20.9139556038546
4075	5453	6	172	20.5153134511759
4075	5464	6	173	20.5035174787157
4079	4721	7	87	20.0051971747344
4079	5695	7	204	20.9052178654038
4079	5699	7	205	20.7561795617594
4086	5453	8	172	20.7333344640943
4087	5654	8	198	20.7293122172445
4089	5154	9	134	20.4739494480181
4094	5516	9	180	20.7766508850681
4094	5660	9	199	20.8175551158151
4097	4308	9	35	20.4609469233464
4107	4686	10	84	20.9421642864342
4107	5665	10	200	20.3745476023396
4107	5673	10	201	20.6786300319919
4107	5677	10	202	20.954466254238
4210	5654	23	198	20.7864259794704
4211	4539	23	65	20.5108798933639
4221	4581	24	70	20.5784208091875
4221	4702	24	85	20.6850628715506
4221	5453	24	172	20.8595182350887
4221	5637	24	196	20.5554706586835
4221	5654	24	198	20.7580482223161
4246	4734	27	88	20.4987522791023
4303	4477	34	57	20.6174141201073
4336	4473	39	56	20.0617624350405
4336	4520	39	62	20.6695186446129
4336	4555	39	66	20.887480771984
4336	4607	39	73	20.3384997234309
4336	4631	39	76	20.8007281122561
4365	4581	42	70	20.968458717798
4365	4607	42	73	20.5009094920201
4387	4599	45	72	20.8207292139349
4394	4465	46	55	20.9688578849684
4394	4477	46	57	20.0673767842237
4394	4520	46	62	20.3792267272338
4465	4555	55	66	20.3983832937809
4485	4599	58	72	20.5945288122841
4539	4657	65	80	20.6057160516202
4556	4657	66	80	20.5204945359511
4576	4684	69	83	20.0968408462624
4604	4734	73	88	20.3470024573646
4658	5654	80	198	20.3980201490243
4684	5478	83	175	20.834442493141
4692	5365	84	160	20.0155578987946
4692	5628	84	195	20.952476727108
4692	5637	84	196	20.4323217966045
4734	5628	88	195	20.4913741852517
4734	5636	88	196	20.5091002971852
5154	5449	134	171	20.7092778483461
5167	5357	135	159	20.5471763023536
5167	5453	135	172	20.8275293061851
5167	5463	135	173	20.9586837611526
5433	5659	169	199	20.011203861837
5478	5675	175	202	20.1359227501498
5481	5675	176	202	20.0278307861835
5481	5698	176	205	20.2100657099377
4039	4684	2	83	21.5388093914218
4052	5433	4	169	21.5399612813022
4052	5643	4	197	21.5866891625372
4059	5690	5	204	21.5530515008896
4061	4208	5	23	21.9526614787365
4061	4246	5	27	21.1376058483453
4061	5433	5	169	21.6733139367287
4073	5654	6	198	21.9725338547925
4074	5682	6	203	21.9056615056474
4075	4631	6	76	21.5069761705359
4075	4686	6	84	21.6082703379979
4079	4686	7	84	21.7976088138126
4079	5464	7	173	21.6937955646309
4079	5654	7	198	21.788800471802
4086	4308	8	35	21.4650424644351
4096	5478	9	175	21.3735665250327
4097	4576	9	69	21.1990886832429
4107	4656	10	80	21.5030843834088
4107	5514	10	180	21.6576117335222
4208	5514	23	180	21.7069082552076
4211	4556	23	66	21.2518017118549
4221	4734	24	88	21.2704046270869
4221	5174	24	136	21.8611280815972
4221	5697	24	204	21.8494412743209
4246	4358	27	41	21.9025451945658
4246	4365	27	42	21.2598467068791
4246	5464	27	173	21.7177324322776
4246	5644	27	197	21.7211412683588
4303	4473	34	56	21.52763681875
4308	4473	35	56	21.3328579426199
4308	4485	35	58	21.6644157317939
4308	4634	35	77	21.204124810989
4336	4430	39	51	21.5674915555797
4336	4439	39	52	21.6354748503471
4336	4581	39	70	21.0310685415649
4365	4465	42	55	21.510844079208
4389	4581	45	70	21.9402159971136
4394	4483	46	58	21.1505353596546
4439	4555	52	66	21.662294546054
4473	4577	56	69	21.6846704840078
4581	4684	70	83	21.2329348418913
4604	5433	73	169	21.374364505173
4656	5478	80	175	21.0302027094367
4684	5627	83	195	21.668516931253
4684	5637	83	196	21.7480449466153
4684	5654	83	198	21.0757823342338
4721	5176	87	136	21.2903718614777
4721	5481	87	176	21.2590356789766
4721	5659	87	199	21.3682005325671
5160	5653	134	198	21.7984412516125
5176	5357	136	159	21.6285913087284
5176	5365	136	160	21.5465302079012
5176	5516	136	180	21.6926366308939
5433	5481	169	176	21.5871790190381
5433	5665	169	200	21.2537021951471
5516	5676	180	202	21.7883044544545
4041	5682	3	203	22.238292155649
4052	5682	4	203	22.7580620660021
4059	5643	5	197	22.1258941514236
4073	5660	6	199	22.8944463353015
4079	5453	7	172	22.6044527250717
4087	5660	8	199	22.3638077258771
4096	5365	9	160	22.2584562133136
4096	5665	9	200	22.8680894260977
4107	4734	10	88	22.0506116468455
4107	5365	10	160	22.5583529762259
4107	5478	10	175	22.4121284129821
4181	4303	20	34	22.9676406058611
4181	4576	20	69	22.1402959781481
4208	5500	23	178	22.932718329932
4208	5627	23	195	22.3844764513267
4208	5637	23	196	22.2986005614702
4210	5478	23	175	22.7867051150446
4246	5453	27	172	22.7506491555736
4246	5654	27	198	22.615823354457
4308	4477	35	57	22.784894425913
4308	4657	35	80	22.0529263817753
4336	4477	39	57	22.7946140568337
4336	4485	39	58	22.20596723856
4387	4607	45	73	22.9511479887173
4396	4577	46	69	22.2896343173234
4449	4555	53	66	22.8635876012493
4477	4607	57	73	22.5455178915899
4599	4721	72	87	22.0590500928757
4604	5445	73	171	22.7538370170835
4631	5458	76	173	22.9362475134884
4634	5464	77	173	22.910236140206
4692	5481	84	176	22.5441044177852
4692	5696	84	204	22.6751890179553
4734	5696	88	204	22.9460305499666
5167	5365	135	160	22.0538097842527
5167	5433	135	169	22.6054201022675
5176	5478	136	175	22.5414428331462
5433	5682	169	203	22.5323432647384
5497	5682	178	203	22.4373352695903
5497	5698	178	205	22.527576056913
4041	5453	3	172	23.9552164256556
4042	5677	3	202	23.9426849998074
4043	5464	3	173	23.6951289087019
4043	5654	3	198	23.8443509871835
4043	5660	3	199	23.5379981519245
4059	5682	5	203	23.8395957599956
4074	5677	6	202	23.9542271843615
4079	5660	7	199	23.09248823752
4086	4336	8	39	23.7542381060728
4087	5682	8	203	23.602110202268
4094	5682	9	203	23.2125702799152
4096	5497	9	178	23.2245227722767
4097	4336	9	39	23.3714831578999
4097	4581	9	70	23.4247161989212
4107	4631	10	76	23.0784007678175
4181	4581	20	70	23.761461655378
4208	4336	23	39	23.9561974027599
4221	4365	24	42	23.439304127896
4221	4539	24	65	23.5533113383235
4221	5660	24	199	23.9561285895697
4303	4684	34	83	23.01531970232
4303	4686	34	84	23.3933109670264
4308	4430	35	51	23.8811929350273
4308	4439	35	52	23.3108958214823
4336	4446	39	53	23.3518335040313
4358	4631	41	76	23.0394993218169
4365	4631	42	76	23.1953572294112
4396	4555	46	66	23.444850458043
4477	4599	57	72	23.2218656873215
4576	4721	69	87	23.6244107863032
4631	5453	76	172	23.0079767472066
4631	5644	76	197	23.101396905815
4631	5654	76	198	23.468738035949
4634	5453	77	172	23.3841766372049
4634	5500	77	178	23.5876876993062
4656	5628	80	195	23.8365028055711
4656	5637	80	196	23.6613058599901
4692	5659	84	199	23.1783743605974
4702	5644	85	197	23.2564265096768
4702	5654	85	198	23.0904076187494
4721	5347	87	158	23.9906530548879
4721	5665	87	200	23.0743317346354
4721	5698	87	205	23.9935902690698
4734	5347	88	158	23.4098824217466
4734	5659	88	199	23.0558432289951
5158	5464	134	173	23.998169367683
5160	5357	134	159	23.506247020739
5167	5347	135	158	23.3320289302067
5176	5347	136	158	23.1637853124225
5347	5433	158	169	23.3155095161997
5433	5670	169	201	23.2508090181825
4039	4656	2	80	24.6539856007097
4041	4684	3	83	24.5046220946172
4041	4721	3	87	24.053787581169
4041	5673	3	201	24.8263466905624
4052	4208	4	23	24.4708557471944
4052	5660	4	199	24.8847085777592
4052	5677	4	202	24.2277743303012
4059	5660	5	199	24.9634638622127
4059	5677	5	202	24.9703846586311
4073	5673	6	201	24.7980250221666
4074	5665	6	200	24.4410046029209
4075	4634	6	77	24.7362339291979
4075	4734	6	88	24.6778899827356
4087	5516	8	180	24.9300505214089
4087	5665	8	200	24.9455590436455
4094	5670	9	201	24.6284929705412
4107	5497	10	178	24.9155920660136
4208	5176	23	136	24.5387904143623
4208	5696	23	204	24.5309151072682
4221	5167	24	135	24.7024551006575
4221	5514	24	180	24.9743570287605
4221	5699	24	205	24.2115817740188
4246	5627	27	195	24.7617613872681
4246	5637	27	196	24.35492020106
4303	4439	34	52	24.1268491726541
4336	4634	39	77	24.7303166376818
4396	4599	46	72	24.1676042668693
4439	4577	52	69	24.8099056427065
4520	4631	62	76	24.202993926372
4520	4637	62	77	24.2349865277454
4556	4693	66	84	24.2478630192436
4556	4702	66	85	24.6707083197869
4581	4721	70	87	24.7093798181986
4599	5433	72	169	24.4470400866853
4599	5450	72	171	24.5172814357547
4631	5500	76	178	24.8322344947047
4631	5514	76	180	24.8883540235187
4634	5514	77	180	24.2501377109492
4634	5644	77	197	24.6844720826677
4634	5654	77	198	24.7593088756532
4656	5365	80	160	24.705314630662
4684	5176	83	136	24.317913459012
4684	5365	83	160	24.6548240107286
4684	5696	83	204	24.6089074930197
4704	5365	85	160	24.9206562915185
4734	5665	88	200	24.7642863414232
5154	5433	134	169	24.5775584222681
5154	5453	134	172	24.2727408629516
5357	5433	159	169	24.1308376149689
5497	5675	178	202	24.2865862772025
4039	4631	2	76	25.1339413144855
4041	5665	3	200	25.8378559482013
4052	5453	4	172	25.6747053147646
4052	5464	4	173	25.4541660244448
4052	5654	4	198	25.5522058538984
4052	5673	4	201	25.2133505310183
4059	5654	5	198	25.6775657140625
4059	5673	5	201	25.8233996599983
4061	4631	5	76	25.7001259529988
4061	4684	5	83	25.023544952704
4061	4721	5	87	25.4665169389141
4061	5464	5	173	25.7611756913383
4069	4599	6	72	25.6694909571655
4075	5514	6	180	25.8812953694362
4079	5682	7	203	25.0037121443997
4087	5670	8	201	25.843277056132
4087	5677	8	202	25.6501097463539
4094	5676	9	202	25.8872763534521
4107	4634	10	77	25.7205374166249
4107	5357	10	159	25.0747544155471
4181	4308	20	35	25.7204319559373
4208	5365	23	160	25.6292968885219
4210	5660	23	199	25.7125236801058
4221	4358	24	41	25.1613121676911
4221	4556	24	66	25.964135283117
4221	5159	24	134	25.5453476390516
4221	5478	24	175	25.4413778911442
4246	4387	27	45	25.4422739942797
4246	4520	27	62	25.5475433261204
4246	5514	27	180	25.6831971724706
4246	5696	27	204	25.8043128371984
4303	4430	34	51	25.9141243919219
4303	4702	34	85	25.5516929771786
4303	5450	34	171	25.748379793688
4308	4446	35	53	25.1788140308474
4336	4657	39	80	25.5977935377251
4358	4634	41	77	25.9299376397245
4430	4555	51	66	25.7195903738765
4465	4577	55	69	25.5807532336325
4473	4581	56	70	25.1715811978509
4539	4693	65	84	25.3354297970254
4599	4734	72	88	25.5214086993645
4604	5458	73	173	25.9989911535044
4631	5478	76	175	25.6435830959716
4634	5478	77	175	25.4302962035443
4656	5696	80	204	25.9805615027851
4658	5660	80	199	25.9080347961786
4692	5176	84	136	25.8730362733097
4692	5347	84	158	25.7250137803656
4692	5665	84	200	25.3138244641145
4702	5482	85	176	25.8498937135145
4721	5357	87	159	25.2753412242051
4721	5670	87	201	25.2288447218655
4721	5682	87	203	25.6105364840333
4734	5176	88	136	25.759055825088
4734	5357	88	159	25.645641715504
5160	5365	134	160	25.3660951074461
5167	5478	135	175	25.0263229620334
5167	5516	135	180	25.2395229352696
5176	5481	136	176	25.527090825239
5176	5497	136	178	25.6377115398391
5433	5676	169	202	25.6138509599786
4043	4631	3	76	26.7940360714843
4043	4658	3	80	26.5126948083366
4052	4684	4	83	26.4086871502542
4052	4721	4	87	26.0237770125706
4052	5665	4	200	26.5936428681744
4059	5453	5	172	26.6975961839264
4061	4657	5	80	26.7397856386322
4074	5365	6	160	26.9249829897811
4075	4604	6	73	26.2515734195114
4075	5478	6	175	26.6048500465611
4079	4734	7	88	26.1390309116463
4079	5665	7	200	26.2008354256119
4079	5670	7	201	26.9076911309759
4079	5677	7	202	26.6189820053285
4086	5365	8	160	26.6566100808036
4086	5478	8	175	26.4522168069143
4107	4702	10	85	26.7121706530937
4107	5347	10	158	26.0966764358989
4210	4365	23	42	26.657138724927
4211	4358	23	41	26.4296172314319
4221	5365	24	160	26.0957780110116
4221	5500	24	178	26.9338942783995
4246	4396	27	46	26.7045738966193
4246	5176	27	136	26.5810162710157
4246	5478	27	175	26.1854189387911
4246	5500	27	178	26.4369770019191
4246	5660	27	199	26.7360745996865
4303	4446	34	53	26.1923184731707
4303	4721	34	87	26.1873766536474
4308	4684	35	83	26.7738289753259
4365	4634	42	77	26.644772583004
4387	4631	45	76	26.7072892110001
4396	4581	46	70	26.7517076090481
4396	4607	46	73	26.3934392415994
4446	4577	53	69	26.955082006924
4473	4599	56	72	26.237967756669
4473	4607	56	73	26.8704782800754
4485	4631	58	76	26.4641601227018
4485	4637	58	77	26.3231647033559
4539	4702	65	85	26.3955844223991
4576	4734	69	88	26.1944102815849
4576	5433	69	169	26.6899471899065
4576	5450	69	171	26.5097814589257
4581	4734	70	88	26.6877677223105
4604	5453	73	172	26.2062061542681
4604	5500	73	178	26.347943695856
4604	5644	73	197	26.7682553036241
4604	5654	73	198	26.660940155966
4631	5628	76	195	26.6617537682727
4631	5637	76	196	26.2439668304927
4684	5659	83	199	26.5442962046463
4702	5637	85	196	26.5406617475902
4721	5167	87	135	26.8324076444884
5160	5347	134	158	26.5893314883996
4041	4686	3	84	27.6321794109694
4059	5665	5	200	27.2588578630874
4075	4702	6	85	27.6896177835665
4079	4702	7	85	27.4681285492842
4079	5365	7	160	27.3580357116515
4079	5478	7	175	27.8670402267625
4079	5514	7	180	27.7706774314204
4094	5357	9	159	27.7600916064771
4096	5347	9	158	27.8506132607524
4096	5481	9	176	27.7703930292677
4097	4365	9	42	27.6383129731176
4097	4539	9	65	27.1536123747836
4107	4604	10	73	27.7501546121819
4107	5481	10	176	27.1588745532653
4208	5699	23	205	27.665000289174
4221	5665	24	200	27.2945998505199
4221	5682	24	203	27.9095049579888
4246	4485	27	58	27.9017374727811
4246	5365	27	160	27.4388642986549
4303	4465	34	55	27.2554526104411
4303	5433	34	169	27.6509181402716
4308	4686	35	84	27.7936326700919
4308	5450	35	171	27.6705594630828
4336	4465	39	55	27.3050659402243
4430	4577	51	69	27.9017152519339
4539	4684	65	83	27.5696698928369
4556	4684	66	83	27.6327017499194
4604	5514	73	180	27.2449944944021
4631	5365	76	160	27.656490793302
4631	5696	76	204	27.7632619121025
4656	5176	80	136	27.5458724857282
4656	5481	80	176	27.8688224544921
4684	5481	83	176	27.3347262104452
4684	5699	83	205	27.9232244019203
4692	5357	84	159	27.1060608351712
4692	5670	84	201	27.45547431752
4692	5698	84	205	27.2207387115045
4702	5627	85	195	27.8012176172196
4734	5670	88	201	27.1099167649036
4734	5698	88	205	27.2176783910752
5167	5481	135	176	27.3004116818776
4039	4308	2	35	28.4275433338866
4039	4634	2	77	28.2404328047571
4041	5516	3	180	28.910725674047
4043	5365	3	160	28.9014721770362
4052	4631	4	76	28.9875592108063
4052	4658	4	80	28.7122837475531
4061	4599	5	72	28.4689248479812
4061	4686	5	84	28.0339020651782
4075	5497	6	178	28.949455158949
4086	4365	8	42	28.629607908597
4086	5497	8	178	28.6134347116875
4107	4303	10	34	28.7947898238553
4107	4308	10	35	28.9249008641343
4107	4599	10	72	28.3448879694381
4181	4336	20	39	28.9516608159187
4208	5665	23	200	28.811887893715
4211	4520	23	62	28.3008202884651
4221	4387	24	45	28.3502440553869
4221	4396	24	46	28.15513201887
4221	5670	24	201	28.4940338667588
4246	5699	27	205	28.7868893074608
4308	4465	35	55	28.1525380383368
4358	4657	41	80	28.0266034153267
4365	4657	42	80	28.0674976975148
4396	4631	46	76	28.9639532177498
4439	4581	52	70	28.423928651754
4465	4581	55	70	28.5101541560196
4520	4657	62	80	28.2615799452189
4581	5433	70	169	28.1568374822174
4581	5445	70	171	28.9932087565347
4599	5464	72	173	28.589892357265
4604	5478	73	175	28.0143139305606
4631	5660	76	199	28.3359094436723
4634	5365	77	160	28.2844739388945
4634	5628	77	195	28.5261989581508
4634	5637	77	196	28.0422135003641
4658	5665	80	200	28.6182243159844
4684	5665	83	200	28.3361187179896
4692	5682	84	203	28.806980004853
4702	5659	85	199	28.814784122044
4702	5696	85	204	28.7465195980313
4721	5676	87	202	28.414294166845
4734	5682	88	203	28.2493809843685
5154	5516	134	180	28.851777206959
5160	5478	134	175	28.6983047582954
5167	5497	135	178	28.8149534269969
4039	4303	2	34	29.1907811988648
4039	4599	2	72	29.6860484403027
4039	4604	2	73	29.8883098384636
4041	4734	3	88	29.7767797788814
4043	5478	3	175	29.8680988849307
4052	4686	4	84	29.4911208671356
4061	4634	5	77	29.554136241819
4074	5357	6	159	29.5069923407995
4087	5357	8	159	29.8905369138796
4097	4358	9	41	29.420357305784
4097	4555	9	66	29.7585261731827
4181	4539	20	65	29.0539606250163
4181	4556	20	66	29.8518460735681
4208	5167	23	135	29.3809480616266
4208	5482	23	176	29.861457533081
4221	5677	24	202	29.8686044032861
4303	5644	34	197	29.5967012688914
4303	5654	34	198	29.683680398495
4308	4721	35	87	29.7900434877158
4387	4634	45	77	29.6349976548
4439	4599	52	72	29.2751280782852
4439	4607	52	73	29.9004536922101
4465	4607	55	73	29.9997510823007
4477	4631	57	76	29.3771303908329
4477	4637	57	77	29.5389651308234
4576	5463	69	173	29.8410595656387
4599	5453	72	172	29.794692379684
4599	5644	72	197	29.0786967555288
4599	5654	72	198	29.2452685574949
4631	5176	76	136	29.6167550383225
4634	5662	77	199	29.7574411870376
4634	5696	77	204	29.7456716347102
4656	5699	80	205	29.9031560374486
4684	5347	83	158	29.9710238230194
4721	5154	87	134	29.3217574166352
4039	4336	2	39	30.3422805998494
4041	5357	3	159	30.9609958657663
4043	4599	3	72	30.4760326978431
4043	4634	3	77	30.2834319389332
4052	5365	4	160	30.4789915515589
4052	5516	4	180	30.6366915642013
4059	5365	5	160	30.8618496367278
4061	4604	5	73	30.3456483371175
4074	5347	6	158	30.9330080173268
4079	5497	7	178	30.3121297668112
4208	5670	23	201	30.5205583336871
4208	5682	23	203	30.662952923683
4210	4387	23	45	30.7284114298153
4211	4485	23	58	30.5961031669067
4221	4520	24	62	30.6699753831006
4246	4477	27	57	30.4815390851578
4246	5167	27	135	30.198802227903
4246	5665	27	200	30.2612882904876
4303	4734	34	88	30.3442797409989
4303	5463	34	173	30.6935522382144
4308	4702	35	85	30.8019572917047
4308	5433	35	169	30.2719788748605
4336	4684	39	83	30.2108180955101
4336	5450	39	171	30.4834283012918
4446	4581	53	70	30.5756897550979
4485	4657	58	80	30.5719959603556
4539	4721	65	87	30.6229246643752
4556	4721	66	87	30.5094812968035
4576	5453	69	172	30.9718613906236
4576	5644	69	197	30.4474178051276
4576	5654	69	198	30.044796770822
4581	5464	70	173	30.8576818474752
4604	5365	73	160	30.3297815356458
4604	5628	73	195	30.8288997695344
4604	5637	73	196	30.2283535773949
4607	5662	73	199	30.8523942344837
4656	5347	80	158	30.7107443901968
4658	5670	80	201	30.4780796967263
4684	5167	83	135	30.1011641137016
4684	5357	83	159	30.9949373446697
4684	5670	83	201	30.3415740033374
4684	5682	83	203	30.401996283139
4692	5167	84	135	30.6983107352831
4702	5347	85	158	30.4081058930016
4734	5676	88	202	30.9063895335576
5160	5481	134	176	30.8780453234981
4043	4604	3	73	31.5441334957865
4052	4734	4	88	31.804235236836
4052	5357	4	159	31.8588876139767
4052	5478	4	175	31.5671513602352
4059	5516	5	180	31.5885245461069
4061	4734	5	88	31.5321971007413
4070	4581	6	70	31.924871182199
4075	5481	6	176	31.9835990001126
4079	5357	7	159	31.3045255833721
4086	5347	8	158	31.7996839764171
4087	5481	8	176	31.9318292773841
4107	4336	10	39	31.228898955935
4107	4576	10	69	31.5520193014647
4208	5154	23	134	31.6236666280177
4208	5347	23	158	31.9089669685498
4210	5357	23	159	31.8793003216821
4211	4396	23	46	31.7957491183963
4221	5357	24	159	31.6848333749761
4246	5159	27	134	31.4048686352928
4246	5670	27	201	31.6484305140081
4303	5633	34	195	31.9322201075966
4308	5633	35	195	31.9084061964868
4308	5644	35	197	31.3997415435223
4308	5654	35	198	31.8774284565114
4336	4686	39	84	31.306234155516
4387	4657	45	80	31.6709765400437
4430	4581	51	70	31.7117428092497
4430	4599	51	72	31.5812152394426
4446	4599	53	72	31.4568955874543
4446	4607	53	73	31.9850634359227
4465	4599	55	72	31.2658520114197
4576	5500	69	178	31.0407064030443
4576	5516	69	180	31.9485422985149
4581	5500	70	178	31.4180025781398
4581	5654	70	198	31.4543793612273
4599	5500	72	178	31.3047186539026
4599	5514	72	180	31.7355958822266
4604	5696	73	204	31.6126528307892
4631	5665	76	200	31.6590568400261
4631	5698	76	205	31.8373216367206
4634	5482	77	176	31.917413507363
4656	5357	80	159	31.7430674793726
4658	5167	80	135	31.8089623533997
4658	5682	80	203	31.5364398276027
4692	5675	84	202	31.6724764740618
4702	5176	85	136	31.8662171272337
4702	5665	85	200	31.0042250830431
4734	5167	88	135	31.1338927376581
4041	5347	3	158	32.6289703331258
4041	5497	3	178	32.7922764992003
4052	4599	4	72	32.5668815977213
4052	4634	4	77	32.4765765437184
4059	5357	5	159	32.6833889460686
4059	5478	5	175	32.2765963818987
4061	4574	5	69	32.912764772957
4079	5347	7	158	32.8349097455741
4086	4396	8	46	32.4918417452751
4097	4387	9	45	32.6084775480242
4097	4396	9	46	32.2859692281337
4181	4365	20	42	32.6191863939002
4221	5347	24	158	32.4721953985252
4221	5481	24	176	32.2927494338899
4246	4473	27	56	32.4327706340362
4246	5482	27	176	32.972990810662
4246	5682	27	203	32.0533271127975
4303	5453	34	172	32.0563080999668
4303	5637	34	196	32.5327097856911
4303	5660	34	199	32.8075032423987
4303	5696	34	204	32.9273504703916
4308	5464	35	173	32.8093914756126
4396	4634	46	77	32.520449089765
4431	4607	51	73	32.8528466650913
4473	4631	56	76	32.535551908643
4520	4693	62	84	32.2519582351212
4539	5449	65	171	32.6749917214986
4556	4734	66	88	32.108098261965
4576	5478	69	175	32.3835888993175
4581	5453	70	172	32.1874517475366
4581	5515	70	180	32.8233083494032
4581	5644	70	197	32.0565725710033
4599	5478	72	175	32.1251476261199
4599	5628	72	195	32.6918811633714
4599	5637	72	196	32.2149053855509
4599	5697	72	204	32.9871160758257
4631	5481	76	176	32.8951839788137
4634	5175	77	136	32.9779984383528
4684	5154	83	134	32.0977896279479
4702	5357	85	159	32.2396931126833
5154	5497	134	178	32.6396178439638
4039	4576	2	69	33.0927854070944
4041	4702	3	85	33.6876817397695
4043	4365	3	42	33.9697202814507
4052	4604	4	73	33.7325000259394
4052	5347	4	158	33.7984722139922
4061	4702	5	85	33.9441073678481
4079	5481	7	176	33.9158548174744
4107	4581	10	70	33.7388879188393
4181	4358	20	41	33.8350767843077
4208	5675	23	202	33.8367450414486
4211	4477	23	57	33.4760500059371
4221	4485	24	58	33.1621374160352
4246	5677	27	202	33.9841192470836
4308	5637	35	196	33.7236613225788
4308	5660	35	199	33.995853070632
4308	5695	35	204	33.942825825202
4336	4721	39	87	33.1442889650691
4336	5433	39	169	33.4106708253516
4336	5633	39	195	33.9569266277147
4336	5644	39	197	33.9634773396364
4358	4684	41	83	33.8876187567082
4358	4693	41	84	33.9814200115298
4365	4684	42	83	33.5409283860778
4365	4693	42	84	33.6815496971265
4365	5450	42	171	33.4613832350069
4396	4657	46	80	33.8096180694192
4473	4637	56	77	33.9526206499587
4477	4657	57	80	33.6571377273826
4520	4702	62	85	33.3330986558406
4539	4734	65	88	33.1384849683868
4539	5433	65	169	33.4916372994812
4555	5450	66	171	33.9354402358361
4576	5365	69	160	33.8326412063853
4581	5478	70	175	33.2137857221967
4599	5365	72	160	33.5420864139367
4599	5660	72	199	33.5599291119633
4631	5167	76	135	33.5196562184041
4631	5670	76	201	33.2588990948287
4634	5665	77	200	33.1595662969226
4634	5699	77	205	33.7751762393626
4658	5159	80	134	33.9282877552051
4658	5676	80	202	33.8348206881609
4684	5675	83	202	33.9188684215732
4692	5154	84	134	33.7001172994991
4702	5670	85	201	33.1971609629498
4702	5698	85	205	33.3624512588628
4734	5154	88	134	33.8212750351018
4039	4365	2	42	34.8928079265628
4041	5481	3	176	34.478562745567
4043	4576	3	69	34.1706132371077
4052	5497	4	178	34.4773401671301
4059	5347	5	158	34.8292662139184
4061	4581	5	70	34.9257722319779
4061	5497	5	178	34.8675889616704
4097	4520	9	62	34.3738767961951
4246	5347	27	158	34.3962934921773
4246	5357	27	159	34.0323642140831
4303	5176	34	136	34.9760936355105
4303	5365	34	160	34.3485134176138
4303	5478	34	175	34.324903976559
4303	5500	34	178	34.5856568681296
4303	5514	34	180	34.7862289562982
4308	4734	35	88	34.6170159603626
4308	5175	35	136	34.6940178416972
4308	5453	35	172	34.8241170168032
4336	4702	39	85	34.3402990231594
4336	5654	39	198	34.4376956400976
4485	4693	58	84	34.8452586444698
4539	5464	65	173	34.8461967078188
4539	5654	65	198	34.4312483218369
4556	5433	66	169	34.0244285330408
4556	5465	66	173	34.4456068606724
4576	5628	69	195	34.810222895006
4576	5637	69	196	34.0139124918025
4576	5660	69	199	34.5641720861356
4576	5696	69	204	34.8631323320209
4581	5365	70	160	34.9215659585878
4604	5175	73	136	34.9883553343109
4604	5482	73	176	34.5193810054584
4631	5347	76	158	34.6640028415646
4631	5357	76	159	34.8036180446804
4631	5682	76	203	34.2451313035883
4634	5670	77	201	34.9564900411926
4702	5682	85	203	34.8271165760245
4039	4581	2	70	35.4544247732212
4052	4702	4	85	35.4952754602637
4052	5481	4	176	35.971806265463
4107	4365	10	42	35.587769064666
4221	4477	24	57	35.4856586383852
4246	4439	27	52	35.0999781623864
4303	5699	34	205	35.7673945374834
4308	5699	35	205	35.8503838054769
4336	5464	39	173	35.6543924502999
4336	5638	39	196	35.5206776540088
4336	5695	39	204	35.9455130023206
4358	4702	41	85	35.8552079062443
4439	4631	52	76	35.4472607404296
4485	4702	58	85	35.6033727334925
4520	4684	62	83	35.305646276481
4539	5644	65	197	35.271770879841
4555	5654	66	198	35.6134512508968
4556	5500	66	178	35.2689530040232
4581	5637	70	196	35.7705434261209
4581	5662	70	199	35.5904673332622
4599	5175	72	136	35.4913665276501
4604	5665	73	200	35.094079999339
4604	5698	73	205	35.9242756085631
4631	5159	76	134	35.1289748925299
4634	5347	77	158	35.0480532412287
4634	5357	77	159	35.7138844708889
4043	4396	3	46	36.7530827142432
4043	4581	3	70	36.6827408054524
4052	4576	4	69	36.3117403741545
4061	4539	5	65	36.3590799388543
4097	4485	9	58	36.9426961387498
4181	4520	20	62	36.5225552364563
4211	4473	23	56	36.3824881227219
4221	4473	24	56	36.3590453532543
4246	4430	27	51	36.9079638425096
4303	5167	34	135	36.9188097857988
4308	5159	35	134	36.0029473376833
4308	5167	35	135	36.0325021473669
4308	5365	35	160	36.9186450049294
4336	5175	39	136	36.586428440065
4336	5660	39	199	36.0901845658899
4336	5703	39	205	36.7711495332958
4358	5449	41	171	36.7890059800479
4365	4702	42	85	36.1516383861092
4365	4721	42	87	36.0781071288392
4365	5433	42	169	36.925832881602
4365	5643	42	197	36.8657569161411
4365	5653	42	198	36.9163326726803
4465	4631	55	76	36.9228712317989
4539	5453	65	172	36.8074754635522
4539	5500	65	178	36.5161262731961
4555	5644	66	197	36.7785064677727
4556	5453	66	172	36.9123756482836
4581	5628	70	195	36.6410241396171
4581	5696	70	204	36.6300140049114
4599	5699	72	205	36.6862684256658
4604	5670	73	201	36.7494619008224
4631	5675	76	202	36.7975871355718
4634	5167	77	135	36.3822186514237
4634	5682	77	203	36.2676338489293
4702	5167	85	135	36.9076418916191
4043	4358	3	41	37.2065269542858
4059	5481	5	176	37.0891830726965
4107	4539	10	65	37.1336945374413
4181	4387	20	45	37.2456502829525
4181	4396	20	46	37.7366628095278
4246	4446	27	53	37.1628307183401
4246	4465	27	55	37.530221009208
4303	5159	34	134	37.5691044077444
4303	5665	34	200	37.0845159197205
4308	5478	35	175	37.6241896391138
4308	5516	35	180	37.6004457021456
4336	5159	39	134	37.2209538432319
4336	5167	39	135	37.5546344809798
4336	5453	39	172	37.7878649039609
4358	4721	41	87	37.1663911888147
4365	5464	42	173	37.6916198378367
4365	5633	42	195	37.5511423128512
4365	5660	42	199	37.5947979513124
4365	5697	42	204	37.3894839493674
4387	4684	45	83	37.5473667918271
4387	4686	45	84	37.8443857659231
4430	4631	51	76	37.8200257800018
4439	4634	52	77	37.5785033363491
4446	4631	53	76	37.5666175480306
4465	4637	55	77	37.4271918663423
4473	4657	56	80	37.2725184284615
4485	4684	58	83	37.5955564794564
4520	4721	62	87	37.7846671283472
4539	5478	65	175	37.568325408514
4539	5516	65	180	37.7049289218266
4539	5662	65	199	37.627268795383
4556	5478	66	175	37.067844879356
4556	5514	66	180	37.4783561806011
4576	5176	69	136	37.9277853163086
4599	5665	72	200	37.3256642271775
4604	5347	73	158	37.4098717720337
4604	5357	73	159	37.8078263591019
4702	5675	85	202	37.5786664744772
4039	4358	2	41	38.0272620234484
4039	4396	2	46	38.1848083928675
4039	4539	2	65	38.1303895075831
4043	4539	3	65	38.7471996536524
4052	4581	4	70	38.8400726183667
4107	4358	10	41	38.3714852853001
4221	4439	24	52	38.7018332769909
4303	5670	34	201	38.0377624210468
4308	5500	35	178	38.6984677474445
4308	5665	35	200	38.4054816139571
4336	4734	39	88	38.0520448070797
4358	5433	41	169	38.5116958598294
4365	5637	42	196	38.8250211332847
4387	5450	45	171	38.8232953779043
4396	5449	46	171	38.5782265014866
4449	4637	53	77	38.8765232241773
4477	4693	57	84	38.17398335254
4477	4702	57	85	38.9935267576556
4520	5449	62	171	38.7836865318396
4539	5365	65	160	38.0801913992038
4539	5637	65	196	38.9661760120235
4539	5697	65	204	38.6632081829742
4555	5365	66	160	38.8137410461811
4555	5662	66	199	38.9034449117299
4576	5482	69	176	38.8270014036623
4576	5665	69	200	38.3534561154533
4576	5699	69	205	38.7013772493951
4599	5167	72	135	38.3304673986634
4599	5482	72	176	38.7909482224913
4599	5670	72	201	38.6986901199511
4604	5167	73	135	38.0359399252864
4604	5682	73	203	38.1969406235631
4634	5159	77	134	38.3042707801624
4634	5675	77	202	38.8414292476474
4043	4387	3	45	39.4959367024002
4061	4555	5	66	39.6160717260053
4097	4477	9	57	39.4028943480044
4107	4396	10	46	39.3895288877641
4107	4555	10	66	39.6828555802125
4181	4485	20	58	39.1078308910121
4211	4439	23	52	39.2269946083051
4221	4430	24	51	39.9026591971011
4303	5682	34	203	39.05208351676
4308	5670	35	201	39.0420434019532
4308	5682	35	203	39.4677100425145
4336	5365	39	160	39.4939064287138
4358	5644	41	197	39.3638281928981
4358	5654	41	198	39.1971571673253
4365	5702	42	205	39.9413043978286
4387	4702	45	85	39.4112541541119
4396	4684	46	83	39.0230299438678
4396	4686	46	84	39.7108568655978
4430	4637	51	77	39.9732121426337
4520	4734	62	88	39.9610422912116
4520	5465	62	173	39.6841844189849
4520	5654	62	198	39.3270818393636
4539	5633	65	195	39.8644756393459
4576	5670	69	201	39.7605523729236
4581	5482	70	176	39.5054792655399
4581	5665	70	200	39.8741277271366
4599	5159	72	134	39.450833514642
4599	5682	72	203	39.7607036658055
4604	5159	73	134	39.7553961871844
4702	5154	85	134	39.7754221347807
4039	4387	2	45	40.4937272796665
4039	4555	2	66	40.9197253778664
4052	4539	4	65	40.8054252397889
4097	4473	9	56	40.5390136658503
4211	4465	23	55	40.9372896757956
4221	4446	24	53	40.6510712650971
4303	5357	34	159	40.9385453332187
4303	5482	34	176	40.8989427124956
4303	5675	34	202	40.7770916814821
4308	5676	35	202	40.653221151589
4336	5478	39	175	40.5634196536732
4336	5516	39	180	40.6704835107723
4336	5665	39	200	40.5790063702896
4336	5673	39	201	40.8584950040992
4358	5463	41	173	40.8332209971244
4365	4734	42	88	40.4204135678991
4365	5159	42	134	40.9234177702694
4365	5167	42	135	40.9513083307481
4365	5175	42	136	40.8014656967124
4365	5365	42	160	40.6261599711319
4365	5453	42	172	40.1947044646431
4387	4721	45	87	40.5446960032999
4396	5633	46	195	40.9704896968538
4396	5643	46	197	40.9703395397207
4396	5654	46	198	40.2684568490028
4396	5663	46	199	40.9330933842044
4396	5697	46	204	40.9011538590294
4439	4657	52	80	40.2185455480429
4477	4684	57	83	40.6013337465655
4485	4721	58	87	40.5160437111029
4520	5433	62	169	40.6831358427543
4520	5644	62	197	40.6807426677537
4555	5637	66	196	40.7058338570775
4555	5696	66	204	40.8366975280813
4576	5167	69	135	40.9464270114011
4581	5175	70	136	40.8044943357959
4581	5698	70	205	40.9653092384276
4599	5347	72	158	40.8717856350808
4599	5357	72	159	40.6792016760408
4604	5675	73	202	40.5318981544166
4043	4555	3	66	41.8076036146536
4107	4387	10	45	41.0871923961714
4181	4477	20	57	41.9554280874358
4211	4430	23	51	41.3801387866208
4211	4446	23	53	41.3323249527534
4221	4465	24	55	41.8722049694066
4303	5347	34	158	41.9015511646049
4336	5500	39	178	41.8609270561463
4336	5677	39	202	41.8770737038776
4336	5682	39	203	41.377369321889
4358	4734	41	88	41.1917644317405
4358	5633	41	195	41.0926427599881
4358	5638	41	196	41.697326772828
4358	5660	41	199	41.4834123596408
4358	5697	41	204	41.2417884432768
4387	5433	45	169	41.7796166808649
4387	5644	45	197	41.7063132151477
4387	5654	45	198	41.3928031184166
4396	4702	46	85	41.9891582316197
4396	4721	46	87	41.4261821919423
4396	5433	46	169	41.909108186646
4465	4657	55	80	41.2296707966484
4485	5450	58	171	41.6249782462406
4520	5500	62	178	41.812832587616
4520	5662	62	199	41.791519283223
4555	5628	66	195	41.9435334348455
4576	5347	69	158	41.2934792067706
4576	5357	69	159	41.2624877703708
4576	5682	69	203	41.4395997326229
4581	5670	70	201	41.3481309009247
4599	5675	72	202	41.992689089888
4061	4520	5	62	42.3954924136989
4097	4439	9	52	42.9033918589195
4308	5357	35	159	42.7859606062549
4358	5453	41	172	42.5575990276707
4365	5478	42	175	42.0401551257842
4365	5516	42	180	42.566347482489
4365	5665	42	200	42.259331431058
4365	5670	42	201	42.6471598350934
4387	5464	45	173	42.9117202871197
4387	5662	45	199	42.9814548148385
4396	5463	46	173	42.8682884426239
4396	5637	46	196	42.7387334978471
4396	5702	46	205	42.8860618616352
4430	4657	51	80	42.7364999268775
4446	4657	53	80	42.3316836660202
4473	4693	56	84	42.4149386301572
4485	4734	58	88	42.6676681926725
4485	5654	58	198	42.9929195333371
4520	5365	62	160	42.5356767431764
4520	5453	62	172	42.8412012553336
4520	5478	62	175	42.7633283667209
4539	5665	65	200	42.4064871216657
4539	5699	65	205	42.9184171539445
4576	5159	69	134	42.3604973648799
4581	5347	70	158	42.3268876838352
4581	5357	70	159	42.499043012755
4052	4555	4	66	43.9104421977279
4107	4520	10	62	43.8155983754644
4358	5365	41	160	43.7296514278355
4358	5703	41	205	43.54723106008
4365	5497	42	178	43.8613768479741
4365	5677	42	202	43.9307512683314
4365	5682	42	203	43.7285131807612
4387	5633	45	195	43.3583861899864
4387	5638	45	196	43.9290003983701
4387	5695	45	204	43.8965081754802
4396	5159	46	134	43.1235520452571
4396	5167	46	135	43.5753633490301
4396	5175	46	136	43.9804556820413
4473	4684	56	83	43.8258537623627
4473	4702	56	85	43.8315283443323
4477	4721	57	87	43.6354197527651
4485	5433	58	169	43.4683543971934
4485	5464	58	173	43.9202325358143
4520	5514	62	180	43.9602554701403
4520	5697	62	204	43.5206151381159
4539	5175	65	136	43.734266999688
4539	5482	65	176	43.7550426351066
4539	5670	65	201	43.5234019924913
4555	5665	66	200	43.6958766132458
4556	5481	66	176	43.8947903400848
4576	5675	69	202	43.3386564051079
4581	5167	70	135	43.1762014424613
4581	5682	70	203	43.2549967518205
4043	4520	3	62	44.9797450192862
4097	4430	9	51	44.1622306162177
4097	4446	9	53	44.8512853884925
4181	4473	20	56	44.3072510544268
4308	5347	35	158	44.2749608356687
4308	5481	35	176	44.6462225165803
4358	5174	41	136	44.8422519840384
4358	5478	41	175	44.4241438296789
4358	5500	41	178	44.7926545875549
4358	5516	41	180	44.6622817822824
4387	4734	45	88	44.572089170242
4396	5365	46	160	44.8818269347405
4396	5453	46	172	44.9555119423636
4477	5449	57	171	44.8939783712694
4485	5644	58	197	44.2162533464788
4520	5637	62	196	44.5336549140086
4555	5670	66	201	44.877983176609
4555	5699	66	205	44.9186930575679
4581	5159	70	134	44.7308784733768
4581	5676	70	202	44.847627116716
4097	4465	9	55	45.842081028243
4336	5357	39	159	45.0795642947001
4358	5159	41	134	45.1806784588279
4358	5167	41	135	45.1078072399889
4387	5365	45	160	45.8342497920496
4387	5453	45	172	45.3370153737539
4387	5702	45	205	45.8738930656643
4396	4734	46	88	45.9514554502901
4396	5665	46	200	45.8443776923627
4396	5670	46	201	45.971649143793
4439	4693	52	84	45.3300351974273
4465	4693	55	84	45.3077019611456
4477	4734	57	88	45.992157831526
4477	5654	57	198	45.8589174861335
4485	5498	58	178	45.986981266441
4485	5662	58	199	45.602481248283
4520	5628	62	195	45.9334697687862
4539	5167	65	135	45.1202025150597
4539	5347	65	158	45.7885637796164
4539	5357	65	159	45.3322424881011
4539	5682	65	203	45.6028806984822
4555	5176	66	136	45.5354836363906
4556	5347	66	158	45.6960865392213
4556	5357	66	159	45.6619792934998
4052	4520	4	62	46.9707960545699
4107	4485	10	58	46.6808652126329
4181	4439	20	52	46.9328429567185
4336	5347	39	158	46.8018625377238
4336	5482	39	176	46.9684218172167
4358	5665	41	200	46.0500401845645
4358	5670	41	201	46.6636766018281
4365	5357	42	159	46.3864301062283
4387	5159	45	134	46.8435793465871
4387	5167	45	135	46.9013135636946
4387	5175	45	136	46.5381162811732
4387	5478	45	175	46.9724441241884
4396	5478	46	175	46.8238417689108
4396	5677	46	202	46.7063253746214
4396	5682	46	203	46.878426296112
4439	4684	52	83	46.6974340836839
4439	4702	52	85	46.8913047056701
4449	4693	53	84	46.7833975465656
4465	4702	55	85	46.5498754133671
4473	4721	56	87	46.8237529785898
4473	5449	56	171	46.6080028321318
4477	5433	57	169	46.4028198388848
4477	5464	57	173	46.9303126454534
4485	5365	58	160	46.2761402020523
4485	5453	58	172	46.1611694067644
4485	5478	58	175	46.2641040224492
4485	5516	58	180	46.7714692520985
4520	5665	62	200	46.8706125733385
4539	5159	65	134	46.3083539871587
4539	5675	65	202	46.8840644249195
4039	4485	2	58	47.3602800772968
4043	4485	3	58	47.6426248437258
4358	5682	41	203	47.7951413953343
4387	5500	45	178	47.5594976108874
4387	5516	45	180	47.4446636619968
4387	5665	45	200	47.9022739439372
4396	5516	46	180	47.5189382562363
4473	5654	56	198	47.7464875880939
4477	5643	57	197	47.9912192593604
4485	5638	58	196	47.7394533483575
4485	5696	58	204	47.7590917313133
4520	5670	62	201	47.7443426805732
4520	5699	62	205	47.9379698986096
4555	5167	66	135	47.542015670352
4555	5682	66	203	47.3393764323106
4043	4473	3	56	48.6118981011851
4181	4430	20	51	48.7657451496437
4181	4446	20	53	48.9564803473452
4181	4465	20	55	48.8742331499943
4358	5675	41	202	48.9552831673968
4365	5347	42	158	48.1551011005065
4365	5481	42	176	48.8524794048368
4387	5670	45	201	48.3478216055284
4396	5497	46	178	48.916486770822
4430	4684	51	83	48.8671214417219
4430	4686	51	84	48.9629141391727
4439	5449	52	171	48.7878698448703
4446	4684	53	83	48.8046297189109
4446	4702	53	85	48.9789502643738
4465	4684	55	83	48.1533977617364
4473	5433	56	169	48.8202302432097
4473	5465	56	173	48.8065923211199
4473	5644	56	197	48.6110985784111
4477	5500	57	178	48.472271062949
4477	5660	57	199	48.905941131932
4485	5633	58	195	48.9793298137082
4520	5482	62	176	48.4954051122372
4555	5159	66	134	48.9724817218813
4555	5675	66	202	48.4650314144126
4039	4473	2	56	49.2719505601311
4039	4477	2	57	49.5070626678659
4043	4477	3	57	49.521819382975
4052	4485	4	58	49.6052584107774
4053	4473	4	56	49.4749517735995
4107	4473	10	56	49.5115658205232
4107	4477	10	57	49.0567652419113
4358	5357	41	159	49.9937860338663
4387	5677	45	202	49.8172724564483
4387	5682	45	203	49.5908729606568
4430	4702	51	85	49.9854650573544
4439	4721	52	87	49.5442595968494
4439	5654	52	198	49.7101487525435
4449	5450	53	171	49.7452853042376
4465	5450	55	171	49.8828466809985
4473	5660	56	199	49.9255039233456
4477	5365	57	160	49.2576074226104
4477	5453	57	172	49.2310902174632
4477	5478	57	175	49.4558437800832
4477	5516	57	180	49.9987659947723
4477	5697	57	204	49.7069872854914
4520	5175	62	136	49.9416351854843
4520	5357	62	159	49.5413073909036
4043	4430	3	51	50.3270462971949
4043	4436	3	52	50.8438826408841
4053	4430	4	51	50.7990201972439
4053	4439	4	52	50.974741598168
4053	4477	4	57	50.7928371032767
4358	5482	41	176	50.7776476906916
4396	5357	46	159	50.1293150661367
4430	5449	51	171	50.6922222436539
4439	5465	52	173	50.9989972254357
4439	5644	52	197	50.6046377420094
4449	5654	53	198	50.3475388872187
4465	4721	55	87	50.4941274308211
4465	5653	55	198	50.8744529307196
4473	4734	56	88	50.0175269880469
4473	5697	56	204	50.4411783664894
4477	5637	57	196	50.7042913469856
4485	5665	58	200	50.6410082344339
4485	5703	58	205	50.7232186380163
4520	5167	62	135	50.3515448620993
4520	5347	62	158	50.2653747822495
4520	5675	62	202	50.9745301498699
4520	5682	62	203	50.3589742250575
4039	4430	2	51	51.6023964172208
4039	4436	2	52	51.9228610440527
4043	4446	3	53	51.9006380789292
4053	4452	4	53	51.6885536361775
4107	4439	10	52	51.5360849696599
4358	5347	41	158	51.3794839405769
4387	5357	45	159	51.8543219992317
4430	4721	51	87	51.8834447102349
4439	5433	52	169	51.374639006031
4439	5660	52	199	51.5420030072561
4446	4721	53	87	51.5624769284797
4449	5465	53	173	51.7392867074915
4449	5644	53	197	51.5513959655798
4449	5662	53	199	51.4586517701348
4465	5464	55	173	51.9273433655141
4465	5644	55	197	51.5781426866071
4465	5662	55	199	51.534951974364
4473	5365	56	160	51.5984888635317
4473	5453	56	172	51.8087542602599
4473	5633	56	195	51.5938338757647
4473	5637	56	196	51.8750897926934
4477	5628	57	195	51.9554306497406
4485	5670	58	201	51.5512580447849
4520	5159	62	134	51.5055400709477
4039	4446	2	53	52.7890569720657
4107	4430	10	51	52.4243326900782
4107	4452	10	53	52.8078973260629
4396	5347	46	158	52.246970677734
4396	5482	46	176	52.8173369264297
4430	5644	51	197	52.6110567181462
4430	5653	51	198	52.8609360019287
4439	4734	52	88	52.8475932280743
4439	5695	52	204	52.775090269937
4449	5697	53	204	52.9258493177011
4465	4734	55	88	52.8962016972864
4473	5478	56	175	52.5558640876544
4473	5500	56	178	52.4319126677637
4473	5703	56	205	52.9903926575375
4485	5175	58	136	52.984744832829
4485	5481	58	176	52.9917534527779
4387	5347	45	158	53.4680516757437
4387	5481	45	176	53.8603512799536
4430	5433	51	169	53.2842318233077
4430	5464	51	173	53.8572702705958
4430	5660	51	199	53.4884751885862
4430	5697	51	204	53.7391608698908
4439	5365	52	160	53.551294708905
4439	5633	52	195	53.3602974317048
4439	5637	52	196	53.7810722559526
4446	5433	53	169	53.3513533192927
4449	5365	53	160	53.8569806246135
4465	5365	55	160	53.1717995463761
4465	5433	55	169	53.0074286209018
4465	5500	55	178	53.867047570848
4465	5697	55	204	53.4642785511971
4473	5514	56	180	53.8707863503031
4477	5665	57	200	53.3402944686285
4477	5699	57	205	53.8966846939587
4485	5167	58	135	53.7049613909181
4485	5357	58	159	53.3608068717106
4043	4465	3	55	54.5362659612849
4107	4465	10	55	54.6549725642599
4430	5633	51	195	54.3706080341208
4430	5638	51	196	54.8365370989088
4439	5453	52	172	54.134291775177
4439	5478	52	175	54.8304854072987
4439	5500	52	178	54.9333064178737
4439	5703	52	205	54.418683354157
4446	4734	53	88	54.8659463966493
4446	5633	53	195	54.9891038843151
4446	5638	53	196	54.8362263198335
4452	5703	53	205	54.6344849522717
4465	5453	55	172	54.6803489198816
4465	5478	55	175	54.3363996414926
4465	5638	55	196	54.7670633592856
4473	5176	56	136	54.9872891584955
4473	5665	56	200	54.5744315041394
4477	5176	57	136	54.7933633663786
4477	5670	57	201	54.1545290165098
4485	5159	58	134	54.7271242255611
4485	5347	58	158	54.0074987571171
4485	5675	58	202	54.7713006601085
4485	5682	58	203	54.0272185569459
4053	4465	4	55	55.5152479324374
4430	4734	51	88	55.6254464970844
4430	5703	51	205	55.5816663118334
4439	5516	52	180	55.6312624070315
4446	5453	53	172	55.9423512376804
4449	5478	53	175	55.4033995076114
4449	5500	53	178	55.4988376364767
4465	5515	55	180	55.9385824722078
4465	5633	55	195	55.9894763861924
4473	5159	56	134	55.583162927275
4473	5167	56	135	55.3191692182737
4473	5670	56	201	55.086264721798
4477	5167	57	135	55.8596501689726
4477	5482	57	176	55.288798630464
4430	5365	51	160	56.1507289801299
4430	5453	51	172	56.4616262429626
4435	5159	51	134	56.7491375617286
4439	5159	52	134	56.8607710552715
4439	5167	52	135	56.7328128951844
4439	5175	52	136	56.923684192083
4439	5665	52	200	56.2398879266309
4439	5670	52	201	56.6226324096646
4449	5516	53	180	56.4628921859304
4449	5665	53	200	56.6945611941745
4452	5670	53	201	56.8909592905586
4465	5665	55	200	56.7968304397349
4465	5703	55	205	56.4038001733926
4477	5159	57	134	56.6791721975542
4477	5357	57	159	56.2029461238466
4477	5682	57	203	56.5277980289344
4430	5167	51	135	57.3872553360064
4430	5175	51	136	57.5606901452719
4430	5478	51	175	57.6201743662756
4452	5158	53	134	57.8252824117617
4452	5167	53	135	57.0147245279673
4452	5175	53	136	57.7632986938939
4465	5670	55	201	57.2754291908843
4473	5357	56	159	57.9731155709265
4473	5675	56	202	57.5271952123515
4473	5682	56	203	57.016697238616
4477	5347	57	158	57.0096308091887
4477	5675	57	202	57.1985129964058
4430	5498	51	178	58.7222196532113
4430	5516	51	180	58.3410602320527
4430	5665	51	200	58.2236978729452
4430	5670	51	201	58.4885805008123
4439	5675	52	202	58.8684667118144
4439	5682	52	203	58.5484781698039
4452	5675	53	202	58.873450901064
4452	5682	53	203	58.8507841409101
4473	5482	56	176	58.4856435717348
4430	5677	51	202	59.8600065319075
4430	5682	51	203	59.9987681873553
4439	5357	52	159	59.6917852053363
4449	5357	53	159	59.886740769556
4465	5167	55	135	59.6153953689816
4465	5176	55	136	59.674018358076
4465	5357	55	159	59.5507716238841
4465	5482	55	176	59.7179222511969
4465	5675	55	202	59.9640651307097
4465	5682	55	203	59.9943604182927
4473	5347	56	158	59.3398994016674
4439	5482	52	176	60.6627203148688
4449	5482	53	176	60.9517906299725
4465	5159	55	134	60.3182919602337
4465	5347	55	158	60.8032096603461
4435	5357	51	159	61.977720561505
4439	5347	52	158	61.2445055249857
4449	5347	53	158	61.4842622140008
4430	5347	51	158	63.7783053788669
4430	5482	51	176	63.5639158328056
